Criando thread para intervalo 0 - 999
Criando thread para intervalo 1000 - 1999
1
3
5
7
11
13
17
19
23
29
31
37
41
43
47
53
59
61
67
71
73
Criando thread para intervalo 2000 - 2999
79
83
89
97
101
103
107
109
113
127
131
137
139
149
151
157
163
167
173
179
181
191
193
197
199
211
223
227
Criando thread para intervalo 3000 - 3999
229
233
239
241
251
257
263
269
271
277
281
283
293
2003
307
311
2011
313
317
2017
331
337
2027
347
2029
349
353
2039
359
367
373
Criando thread para intervalo 4000 - 4999
379
383
2053
389
397
401
409
2063
419
421
2069
431
433
439
443
2081
449
2083
457
2087
461
2089
463
467
2099
479
487
Criando thread para intervalo 5000 - 5999
491
2111
499
503
509
2113
521
523
2129
541
2131
547
2137
557
2141
563
2143
569
571
2153
577
2161
587
593
599
Criando thread para intervalo 6000 - 6999
601
2179
607
613
617
619
631
2203
641
643
2207
647
653
659
2213
661
2221
673
677
683
2237
691
2239
701
2243
709
Criando thread para intervalo 7000 - 7999
719
2251
727
733
739
2267
743
2269
751
757
2273
761
769
773
2281
787
2287
797
2293
809
2297
811
2309
821
Criando thread para intervalo 8000 - 8999
823
827
2311
829
839
853
2333
857
859
2339
863
2341
877
881
2347
883
887
2351
2357
907
911
919
2371
929
2377
937
941
2381
947
Criando thread para intervalo 9000 - 9999
953
2383
967
2389
971
977
2393
983
2399
991
997
2411
2417
2423
2437
2441
2447
Criando thread para intervalo 10000 - 10999
2459
2467
2473
2477
2503
2521
2531
2539
2543
2549
2551
2557
2579
2591
2593
2609
Criando thread para intervalo 11000 - 11999
2617
2621
2633
2647
2657
2659
2663
2671
2677
2683
2687
2689
2693
2699
2707
2711
3001
2713
2719
3011
2729
3019
2731
10007
3023
2741
10009
3037
2749
2753
3041
3049
2767
10037
3061
10039
3067
2777
3079
2789
3083
2791
3089
10061
2797
3109
2801
10067
2803
3119
3121
10069
2819
3137
2833
10079
2837
2843
3163
10091
2851
3167
2857
3169
10093
2861
3181
10099
3187
2879
3191
10103
2887
3203
10111
2897
3209
2903
3217
2909
3221
10133
3229
2917
10139
2927
10141
3251
3253
2939
3257
3259
2953
10151
2957
3271
2963
10159
2969
10163
3299
2971
3301
3307
10169
3313
10177
2999
3319
10181
3323
3329
3331
10193
3343
3347
3359
10211
3361
10223
3371
3373
10243
3389
10247
3391
10253
10259
3407
3413
10267
10271
10273
3433
3449
10289
3457
10301
3461
3463
10303
3467
10313
3469
10321
10331
3491
10333
3499
10337
3511
10343
3517
3527
10357
3529
3533
10369
3539
3541
3547
10391
10399
3557
3559
3571
10427
3581
10429
3583
10433
3593
10453
3607
10457
3613
10459
3617
10463
3623
3631
10477
3637
10487
3643
10499
10501
3659
10513
3671
3673
3677
10529
10531
3691
3697
3701
3709
10559
3719
10567
3727
3733
10589
3739
10597
10601
3761
10607
3767
3769
10613
3779
10627
3793
10631
3797
10639
3803
10651
3821
10657
3823
10663
3833
10667
3847
3851
10687
3853
10691
3863
10709
10711
3877
3881
10723
3889
10729
10733
3907
10739
3911
3917
10753
3919
3923
10771
3929
3931
10781
3943
10789
3947
10799
3967
10831
3989
10837
10847
10853
10859
10861
4001
10867
4003
4007
4013
10883
4019
10889
4021
10891
4027
10903
10909
4049
4051
4057
10937
10939
4073
4079
10949
4091
10957
4093
4099
10973
4111
10979
4127
10987
4129
4133
10993
4139
4153
4157
4159
4177
4201
4211
4217
4219
4229
4231
4241
4243
Criando thread para intervalo 12000 - 12999
4253
4259
4261
4271
4273
4283
4289
4297
4327
11003
4337
11027
4339
4349
4357
11047
4363
Criando thread para intervalo 13000 - 13999
4373
4391
4397
4409
4421
4423
4441
4447
4451
4457
4463
Criando thread para intervalo 14000 - 14999
4481
4483
4493
4507
4513
4517
4519
4523
4547
4549
4561
4567
Criando thread para intervalo 15000 - 15999
4583
4591
4597
4603
4621
4637
4639
4643
4649
4651
4657
Criando thread para intervalo 16000 - 16999
4663
4673
4679
4691
4703
4721
4723
4729
4733
4751
Criando thread para intervalo 17000 - 17999
4759
4783
4787
4789
4793
4799
4801
4813
4817
4831
4861
Criando thread para intervalo 18000 - 18999
13001
4871
4877
13003
4889
13007
13009
4903
4909
4919
4931
13033
4933
4937
13037
4943
Criando thread para intervalo 19000 - 19999
13043
4951
4957
13049
4967
4969
4973
13063
4987
4993
4999
13093
Criando thread para intervalo 20000 - 20999
13099
13103
Criando thread para intervalo 21000 - 21999
17011
17021
11057
17027
17029
11059
17033
17041
9001
17047
17053
9007
9011
9013
17077
9029
17093
9041
9043
17099
Criando thread para intervalo 22000 - 22999
14009
9049
14011
9059
11069
9067
11071
14029
11083
14033
11087
9091
11093
9103
14051
9109
14057
11113
9127
11117
9133
14071
11119
9137
14081
11131
9151
14083
9157
14087
9161
11149
11159
9173
11161
14107
9181
11171
9187
11173
9199
11177
9203
9209
14143
11197
14149
9221
14153
9227
11213
14159
9239
9241
14173
9257
11239
14177
11243
9277
11251
14197
9281
9283
11257
14207
9293
11261
14221
11273
9311
11279
9319
14243
9323
11287
14249
9337
11299
14251
9341
9343
11311
9349
11317
14281
11321
9371
9377
14293
11329
9391
14303
11351
9397
11353
9403
14321
11369
9413
14323
9419
14327
9421
11383
9431
14341
11393
9433
14347
11399
9437
9439
11411
9461
14369
9463
11423
9467
11437
14387
9473
9479
11443
14389
9491
11447
14401
9497
14407
9511
11467
14411
11471
9521
14419
11483
14423
9533
11489
9539
14431
11491
9547
11497
9551
14437
11503
14447
14449
9587
11519
11527
9601
14461
9613
11549
9619
14479
11551
9623
14489
9629
9631
11579
14503
9643
11587
9649
14519
9661
11593
11597
9677
14533
9679
14537
11617
9689
14543
9697
11621
14549
9719
11633
14551
9721
14557
9733
14561
9739
11657
14563
9743
9749
11677
14591
9767
11681
9769
14593
11689
9781
9787
11699
14621
9791
11701
14627
14629
11717
9803
14633
9811
11719
9817
14639
9829
11731
9833
14653
9839
11743
14657
9851
9857
14669
11777
9859
11779
14683
9871
11783
14699
9883
11789
9887
11801
14713
9901
11807
14717
9907
11813
14723
9923
11821
14731
9929
11827
9931
14737
11831
9941
14741
11833
9949
14747
11839
9967
14753
9973
14759
11863
11867
14767
14771
11887
14779
14783
11897
14797
14813
11903
14821
11909
14827
14831
11923
11927
14843
11933
14851
11939
11941
16001
16007
11953
14867
11959
16033
14869
11969
11971
16057
14879
11981
16061
14887
11987
16063
14891
16067
14897
16069
16073
14923
16087
14929
16091
16097
14939
16103
14947
14951
8009
16111
14957
Criando thread para intervalo 23000 - 23999
14969
16127
14983
16139
16141
16183
Criando thread para intervalo 24000 - 24999
16187
13109
16189
16193
13121
8011
13127
8017
16217
16223
13147
8039
16229
13151
16231
8053
13159
8059
13163
8069
16249
13171
16253
8081
13177
8087
16267
13183
8089
13187
16273
15013
15017
16301
15031
16319
13217
13219
16333
15053
13229
16339
15061
13241
16349
15073
15077
13249
16361
16363
15083
13259
16369
15091
13267
16381
15101
15107
16411
13291
15121
16417
13297
16421
15131
16427
13309
15137
16433
13313
15139
16447
13327
15149
16451
16453
13331
15161
13337
13339
15173
16477
16481
15187
13367
16487
15193
16493
13381
15199
13397
16519
15217
13399
16529
15227
13411
13417
16547
15233
13421
16553
15241
16561
16567
13441
15259
16573
13451
15263
13457
15269
15271
16603
13463
16607
15277
13469
16619
15287
13477
16631
15289
16633
13487
15299
15307
16649
13499
16651
15313
16657
13513
15319
16661
13523
15329
16673
15331
13537
16691
16693
13553
15349
16699
16703
13567
15359
15361
13577
16729
15373
13591
15377
16741
13597
15383
16747
15391
13613
16759
13619
16763
15401
13627
15413
13633
16787
15427
13649
15439
15443
16811
13669
16823
13679
15451
16829
13681
16831
15461
13687
15467
13691
16843
13693
15473
13697
16871
16879
13709
15493
16883
13711
15497
16889
13721
15511
16901
13723
16903
13729
15527
16921
13751
15541
16927
13757
15551
16931
13759
16937
13763
15559
16943
15569
13781
16963
13789
15581
16979
15583
13799
16981
16987
13807
15601
16993
15607
13829
13831
15619
15629
13841
15641
20011
15643
13859
20021
15647
20023
15649
13873
20029
13877
15661
13879
15667
20047
13883
15671
20051
13901
15679
20063
13903
15683
20071
13907
13913
20089
13921
15727
13931
20101
15731
13933
20107
15733
20113
15737
20117
13963
15739
20123
13967
15749
20129
15761
20143
15767
13997
20147
15773
13999
20149
15787
20161
15791
20173
20177
20183
20201
20219
Criando thread para intervalo 25000 - 25999
20231
20233
8093
8101
20249
8111
20261
8117
8123
20269
18013
20287
8147
20297
18041
8161
18043
8167
8171
18047
20323
8179
18049
20327
8191
18059
20333
18061
8209
20341
18077
20347
8219
8221
8231
20353
8233
20357
8237
8243
20359
20369
8263
8269
19001
20389
8273
20393
8287
20399
19009
8291
19013
8293
20407
8297
19031
20411
8311
19037
8317
20431
8329
19051
20441
8353
20443
19069
8363
8369
19073
8377
19079
19081
8387
20477
8389
20479
19087
20483
8419
8423
20507
8429
19121
8431
20509
8443
8447
20521
19139
20533
19141
8461
8467
20543
20549
19157
20551
19163
8501
20563
8513
19181
8521
19183
8527
20593
8537
8539
19207
8543
20599
19211
20611
19213
8563
19219
8573
20627
8581
19231
20639
8597
20641
19237
8599
8609
19249
20663
19259
20681
8623
8627
19267
8629
20693
19273
8641
20707
8647
19289
8663
20717
8669
19301
20719
8677
20731
8681
19309
8689
20743
19319
8693
20747
8699
20749
19333
8707
20753
8713
20759
8719
20771
8731
20773
8737
19373
8741
19379
20789
8747
19381
8753
19387
20807
8761
19391
20809
8779
19403
8783
19417
8803
19421
1009
8807
20849
19423
1013
1019
8819
1021
19427
20857
1031
8821
1033
19429
1039
8831
19433
1049
20873
1051
8837
1061
1063
8839
20879
19441
1069
8849
20887
19447
1087
8861
1091
1093
8863
20897
19457
8867
20899
5003
20903
5009
19463
8887
5011
20921
19469
5021
8893
20929
19471
5023
19477
20939
5039
8923
19483
20947
8929
5051
19489
8933
5059
8941
20959
19501
8951
20963
5077
19507
5081
5087
20981
8963
5099
5101
8969
8971
19531
5107
19541
5113
8999
5119
19543
5147
19553
5153
20983
19559
5167
5171
5179
19571
5189
19577
5197
19583
5209
19597
5227
5231
19603
5233
5237
19609
5261
5273
5279
5281
19661
5297
5303
19681
5309
Criando thread para intervalo 26000 - 26999
19687
5323
19697
5333
19699
5347
19709
5351
19717
19727
5381
5387
5393
19739
Criando thread para intervalo 27000 - 27999
5399
19751
5407
19753
5413
5417
19759
5419
19763
5431
5437
19777
5441
5443
5449
Criando thread para intervalo 28000 - 28999
19793
5471
5477
19801
5479
5483
19813
5501
19819
5503
5507
5519
Criando thread para intervalo 29000 - 29999
19841
5521
5527
19843
5531
19853
5557
19861
5563
19867
5569
5573
Criando thread para intervalo 30000 - 30999
5581
19889
5591
19891
5623
19913
5639
19919
5641
19927
5647
Criando thread para intervalo 31000 - 31999
5651
19937
5653
5657
5659
19949
5669
19961
5683
19963
5689
5693
19973
5701
19979
5711
Criando thread para intervalo 32000 - 32999
5717
19991
19993
5737
19997
5741
5743
5749
24001
24007
5779
Criando thread para intervalo 33000 - 33999
5783
24019
5791
24023
5801
5807
24029
5813
5821
24043
5827
5839
Criando thread para intervalo 34000 - 34999
24049
5843
5849
5851
24061
5857
5861
5867
24071
5869
5879
24077
5881
Criando thread para intervalo 35000 - 35999
24083
5897
24091
5903
24097
24103
5923
5927
24107
5939
Criando thread para intervalo 36000 - 36999
24109
5953
24113
5981
24121
5987
24133
24137
Criando thread para intervalo 37000 - 37999
6007
24151
6011
6029
24169
6037
6043
24179
6047
24181
6053
Criando thread para intervalo 38000 - 38999
24197
6067
6073
24203
6079
6089
6091
24223
6101
24229
6113
24239
Criando thread para intervalo 39000 - 39999
6121
24247
6131
24251
6133
6143
6151
24281
6163
6173
Criando thread para intervalo 40000 - 40999
6197
6199
6203
24317
6211
6217
24329
6221
6229
24337
Criando thread para intervalo 41000 - 41999
6247
6257
24359
6263
6269
24371
6271
6277
24373
6287
24379
Criando thread para intervalo 42000 - 42999
6299
6301
24391
6311
24407
6317
24413
6323
6329
24419
6337
24421
6343
Criando thread para intervalo 43000 - 43999
6353
24439
6359
6361
24443
6367
6373
6379
24469
6389
6397
24473
Criando thread para intervalo 44000 - 44999
24481
6421
6427
24499
6449
24509
6451
6469
24517
6473
Criando thread para intervalo 45000 - 45999
6481
6491
24527
24533
24547
6521
24551
6529
Criando thread para intervalo 46000 - 46999
6547
24571
6551
6553
24593
6563
6569
6571
24611
Criando thread para intervalo 47000 - 47999
24623
24631
24659
Criando thread para intervalo 48000 - 48999
24671
24677
24683
24691
24697
15797
24709
15803
15809
24733
15817
15823
24749
24763
15859
24767
24781
24793
Criando thread para intervalo 49000 - 49999
24799
24809
24821
24841
Criando thread para intervalo 50000 - 50999
24847
24851
24859
24877
24889
Criando thread para intervalo 51000 - 51999
26003
26017
26021
26029
26041
6577
6581
26053
6599
6607
6619
Criando thread para intervalo 52000 - 52999
17107
6637
6653
17117
6659
17123
6661
17137
6673
6679
Criando thread para intervalo 53000 - 53999
6689
17159
6691
6701
17167
6703
6709
17183
6719
17189
6733
17191
Criando thread para intervalo 54000 - 54999
6737
17203
6761
17207
6763
17209
6779
6781
17231
6791
17239
6793
6803
Criando thread para intervalo 55000 - 55999
17257
6823
6827
6829
6833
17291
6841
17293
6857
17299
6863
6869
17317
Criando thread para intervalo 56000 - 56999
6871
17321
6883
17327
17333
6899
17341
6907
17351
6911
6917
17359
Criando thread para intervalo 57000 - 57999
6947
17377
6949
17383
6959
6961
17387
6967
17389
6971
17393
6977
6983
17401
6991
Criando thread para intervalo 58000 - 58999
6997
17417
17419
17431
17443
17449
Criando thread para intervalo 59000 - 59999
17467
17471
17477
17483
17489
17491
17497
Criando thread para intervalo 60000 - 60999
17509
17519
17539
17551
17569
Criando thread para intervalo 61000 - 61999
17573
17579
17581
24907
26083
1097
1103
1109
24917
1117
26099
1123
24919
1129
26107
24923
1151
26111
1153
1163
26113
1171
1181
26119
24943
1187
1193
1201
24953
1213
1217
26141
1223
1229
1231
24967
1237
26153
1249
24971
26161
1259
24977
1277
26171
1279
1283
24979
26177
1289
1291
1297
24989
1301
26183
1303
1307
1319
26189
1321
1327
26203
1361
26209
1367
21001
1373
1381
21011
1399
26227
1409
21013
26237
1423
1427
21017
1429
26249
1433
1439
21019
26251
1447
1451
21023
1453
26261
1459
21031
26263
1471
1481
26267
1483
1487
1489
1493
1499
21059
1511
21061
26293
1523
1531
21067
26297
1543
1549
1553
26309
1559
21089
1567
1571
26317
1579
21101
1583
26321
1597
21107
1601
1607
1609
1613
26339
1619
21121
1621
26347
1627
1637
26357
21139
1657
1663
21143
26371
1667
21149
1669
26387
21157
1693
1697
26393
1699
21163
1709
26399
1721
21169
1723
26407
1733
21179
1741
1747
26417
1753
21187
1759
26423
21191
1777
26431
1783
21193
1787
1789
26437
1801
1811
21211
1823
1831
21221
26449
1847
21227
26459
1861
1867
1871
1873
21247
1877
1879
1889
26479
1901
1907
21269
26489
1913
1931
21277
26497
1933
21283
26501
1949
1951
26513
26539
21313
21317
26557
21319
26561
21323
21341
26573
21347
21377
21379
21383
21391
21397
21401
17597
17599
17609
17623
17627
17657
17659
17669
17681
17683
17707
17713
17729
17737
17747
17749
17761
17783
17789
17791
17807
17827
17837
17839
17851
17863
17881
17891
17903
17909
17911
17921
17923
17929
17939
17957
17959
21407
17971
17977
21419
17981
17987
21433
17989
21467
1973
21481
26591
1979
1987
21487
1993
1997
26597
21491
1999
21493
21499
21503
26627
7001
26633
7013
21517
26641
7019
21521
7027
26647
21523
7039
21529
26669
7043
21557
26681
7057
21559
26683
7069
26687
21563
7079
26693
21569
26699
21577
7103
26701
7109
26711
21587
7121
7127
21589
26713
7129
21599
26717
7151
21601
26723
7159
21611
26729
21613
26731
7177
26737
21617
7187
7193
26759
7207
21647
7211
26777
7213
21649
26783
7219
7229
21661
26801
7237
26813
21673
7243
26821
7247
21683
7253
26833
26839
21701
7283
26849
21713
7297
26861
26863
21727
7307
26879
7309
26881
21737
7321
26891
21739
26893
7331
26903
7333
21751
26921
7349
21757
26927
7351
21767
26947
7369
26951
21773
26953
26959
21787
7393
21799
7411
26981
7417
21803
26987
7433
21817
7451
26993
21821
7457
7459
7477
21839
7481
7487
21841
7489
28001
21851
7499
7507
28019
21859
7517
28027
21863
28031
7523
21871
7529
7537
28051
7541
21881
28057
7547
7549
28069
21893
7559
7561
28081
21911
7573
28087
7577
21929
28097
7583
21937
7589
28099
7591
21943
7603
21961
28109
7607
28111
7621
21977
7639
28123
7643
21991
7649
21997
7669
28151
7673
7681
7687
7691
28163
7699
7703
22003
28181
7717
7723
28183
22013
7727
22027
7741
28201
22031
7753
22037
28211
7757
7759
22039
28219
22051
7789
28229
7793
22063
22067
7817
22073
7823
28277
7829
22079
28279
28283
22091
28289
22093
7841
28297
7853
22109
28307
7867
22111
7873
28309
22123
7877
28319
7879
22129
7883
22133
7901
28349
22147
7907
28351
22153
7919
22157
7927
22159
7933
28387
7937
22171
28393
7949
7951
28403
22189
7963
28409
22193
28411
7993
28429
22229
28433
28439
28447
28463
28477
28493
Criando thread para intervalo 62000 - 62999
28499
28513
28517
22247
28537
59009
28541
59011
28547
59021
28549
15877
28559
59023
15881
15887
28571
15889
59029
28573
15901
28579
15907
59051
15913
28591
15919
59053
15923
28597
59063
28603
59069
28607
15937
59077
28619
28621
15959
59083
22259
28627
15971
15973
59093
28631
22271
22273
28643
15991
59107
22277
28649
22279
59113
28657
22283
28661
59119
28663
22291
59123
28669
22303
22307
59141
28687
28697
59149
28703
12007
28711
12011
59159
28723
59167
12037
28729
12041
12043
59183
12049
28751
22343
28753
12071
59197
22349
12073
28759
22367
59207
12097
22369
28771
59209
12101
22381
12107
59219
28789
22391
12109
59221
28793
22397
12113
12119
22409
59233
28807
28813
22433
59239
12143
22441
28817
12149
59243
22447
12157
12161
22453
28837
12163
22469
28843
59263
22481
12197
28859
22483
12203
59273
28867
12211
28871
12227
59281
22501
12239
28879
12241
22511
12251
12253
28901
22531
12263
12269
22541
28909
12277
22543
12281
59333
28921
22549
12289
28927
59341
22567
12301
28933
22571
59351
22573
12323
59357
28949
12329
59359
28961
12343
12347
22613
59369
22619
28979
59377
22621
12373
12377
22637
59387
12379
22639
12391
59393
22643
12401
22651
59399
12409
12413
12421
12433
22669
59407
12437
22679
12451
59417
31013
22691
12457
59419
31019
22697
12473
22699
12479
31033
12487
22709
12491
59441
31039
12497
22717
59443
12503
31051
22721
12511
22727
59447
31063
12517
12527
31069
59453
22739
12539
31079
22741
12541
31081
22751
12547
59467
12553
31091
22769
12569
59471
12577
22777
59473
31121
12583
22783
22787
31123
12589
59497
12601
22807
12611
31139
22811
59509
12613
22817
31147
12619
59513
31151
12637
31153
12641
22853
12647
59539
12653
12659
59557
12671
31159
23003
59561
12689
23011
31177
12697
59567
12703
31181
23017
31183
23021
12713
59581
23027
31189
12721
23029
31193
12739
23039
12743
59611
23041
31219
12757
59617
23053
31223
12763
59621
31231
23057
12781
31237
23059
12791
59627
23063
12799
31247
23071
59629
12809
31249
12821
23081
31253
12823
59651
23087
31259
12829
23099
59659
31267
12841
23117
59663
31271
12853
31277
59669
23131
59671
12889
23143
31307
12893
23159
12899
59693
23167
12907
12911
31319
23173
59699
12917
31321
12919
23189
12923
31327
23197
59707
23201
31333
12941
23203
31337
12953
23209
59723
12959
31357
12967
59729
23227
12973
12979
59743
12983
31379
23251
59747
31387
23269
31391
31393
23279
59753
31397
23291
59771
23293
23297
32003
32009
33013
23311
32027
33023
32029
33029
33037
32051
23321
33049
32057
33053
32059
23327
32063
32069
23333
33071
32077
23339
33073
32083
33083
32089
23357
32099
33091
23369
23371
33107
32117
32119
33113
32141
23399
33119
32143
32159
23417
33149
32173
23431
33151
32183
23447
32189
33161
32191
23459
32203
33179
32213
33181
23473
33191
32233
32237
23497
33199
32251
23509
33203
32257
32261
33211
23531
23537
32297
33223
23539
32299
32303
23549
32309
23557
33247
23561
32321
23563
32323
23567
32327
33287
23581
32341
33289
32353
23593
32359
33301
23599
32363
33311
23603
32369
32371
33317
23609
32377
32381
23623
33329
23627
33331
23629
33343
32401
23633
33347
32411
33349
32413
23663
33353
32423
23669
33359
32429
23671
23677
32441
33377
32443
33391
32467
32479
33403
33409
32491
33413
32497
23687
32503
33427
23689
32507
33457
32531
33461
32533
23719
32537
33469
23741
23743
33479
32561
23747
33487
32563
23753
32569
33493
23761
32573
32579
23767
33503
32587
23773
32603
33521
23789
32609
32611
33529
23801
32621
33533
23813
32633
33547
23819
32647
23827
33563
23831
32653
33569
23833
33577
32687
33581
23857
32693
33587
23869
32707
33589
32713
23873
33599
32717
23879
33601
23887
32719
23893
33613
23899
33617
32749
23909
33619
23911
33623
23917
32771
33629
32779
33637
23929
32783
33641
32789
33647
23957
32797
32801
23971
32803
23977
32831
23981
32833
33679
23993
32839
32843
33703
33713
33721
32869
33739
56003
32887
33749
56009
33751
32909
33757
32911
32917
33767
56039
33769
32933
56041
33773
32939
18089
33791
32941
56053
18097
33797
32957
18119
56081
33809
32969
18121
33811
18127
56087
32971
18131
56093
32983
18133
33827
32987
56099
33829
18143
56101
58013
36007
36011
58027
56113
38011
36013
58031
56123
36017
56131
38039
58043
36037
38047
56149
58049
38053
58057
36061
38069
58061
36067
56167
56171
58067
38083
36073
56179
58073
36083
38113
56197
38119
36097
58099
56207
36107
56209
38149
58109
36109
38153
58111
36131
56237
38167
36137
56239
58129
38177
56249
36151
38183
58147
36161
38189
58151
56263
58153
38197
36187
56267
36191
58169
38201
56269
58171
36209
38219
36217
38231
58189
36229
56299
38237
58193
36241
38239
56311
58199
36251
58207
38261
36263
58211
56333
36269
38273
58217
36277
38281
58229
56359
38287
36293
58231
36299
56369
58237
38299
36307
56377
38303
58243
36313
56383
38317
38321
36319
56393
58271
38327
56401
36341
38329
38333
36343
56417
38351
36353
56431
58309
38371
56437
36373
38377
58313
56443
36383
58321
36389
38393
56453
58337
56467
36433
58363
56473
38431
58367
36451
56477
38447
58369
38449
36457
56479
58379
38453
36467
56489
38459
36469
58391
38461
56501
36473
58393
56503
36479
58403
56509
38501
58411
36493
56519
36497
58417
56527
58427
56531
36523
38543
56533
58439
36527
38557
36529
58441
56543
38561
38567
36541
58451
38569
36551
58453
56569
36559
38593
36563
56591
38603
36571
58477
56597
38609
58481
38611
56599
36583
38629
56611
36587
38639
36599
58511
56629
38651
36607
56633
38653
36629
38669
58537
36637
56659
38671
36643
58543
56663
38677
36653
56671
58549
38693
36671
56681
38699
36677
58567
38707
56687
36683
38711
58573
36691
56701
38713
58579
36697
38723
56711
36709
58601
38729
56713
36713
38737
58603
36721
38747
56731
58613
38749
56737
36739
58631
38767
36749
56747
36761
38783
36767
38791
58657
56767
36779
38803
58661
36781
56773
36787
58679
56779
38821
36791
56783
58687
38833
36793
58693
38839
36809
56807
58699
38851
56809
36821
38861
58711
38867
56813
36833
58727
38873
56821
36847
58733
56827
38891
36857
58741
38903
56843
58757
38917
56857
36871
58763
38921
36877
38923
58771
56873
36887
38933
58787
36899
56891
38953
58789
36901
56893
38959
36913
56897
36919
38971
56909
36923
38977
58831
56911
36929
36931
38993
56921
36943
56923
36947
56929
58889
36973
58897
56941
41011
36979
58901
41017
56951
58907
41023
36997
56957
58909
56963
41039
58913
41047
58921
39019
41051
56983
58937
39023
41057
56989
58943
56993
41077
39041
39043
41081
58963
56999
39047
58967
41113
51001
58979
41117
39079
58991
39089
41131
51031
39097
58997
41141
41143
39103
51043
18149
41149
39107
51047
39113
18169
41161
51059
39119
18181
41177
51061
18191
39133
41179
18199
39139
41183
51071
18211
39157
41189
18217
39161
41201
18223
51109
39163
18229
41203
18233
41213
39181
51131
18251
18253
41221
51133
18257
39191
41227
51137
18269
39199
41231
41233
18287
51151
18289
39209
41243
51157
18301
41257
18307
39217
51169
18311
41263
39227
18313
41269
51193
39229
18329
51197
18341
39233
41281
51199
39239
18353
18367
39241
41299
51203
18371
39251
18379
51217
18397
41333
18401
51229
41341
18413
51239
39293
18427
41351
51241
39301
18433
41357
39313
18439
51257
18443
39317
41381
18451
51263
39323
41387
18457
18461
41389
51283
39341
41399
18481
51287
18493
39343
41411
18503
41413
39359
51307
39367
18517
41443
39371
51329
18521
39373
18523
51341
41453
39383
51343
18539
41467
18541
39397
51347
18553
51349
41479
39409
18583
41491
51361
39419
18587
18593
41507
41513
18617
39439
51383
41519
39443
18637
41521
51407
39451
18661
51413
39461
41539
18671
51419
41543
18679
51421
41549
18691
39499
18701
51427
39503
51431
18713
39509
41579
18719
51437
39511
51439
41593
39521
18731
41597
51449
18743
39541
41603
18749
51461
39551
18757
41609
51473
39563
41611
18773
39569
41617
51479
18787
41621
39581
51481
18793
18797
41627
51487
18803
41641
39607
51503
41647
18839
51511
39619
41651
51517
39623
18859
41659
51521
18869
39631
41669
39659
41681
51539
18899
39667
41687
51551
39671
18911
18913
51563
39679
18917
18919
51577
39703
41719
51581
39709
18947
41729
18959
51593
41737
39719
18973
51599
39727
18979
41759
51607
39733
41761
51613
53003
39749
41771
53017
41777
51631
39761
51637
41801
39769
53047
39779
41809
51647
53051
41813
39791
51659
39799
53069
41843
51673
53077
39821
41849
51679
39827
41851
53087
54001
31469
54011
44017
53089
31477
44021
54013
53093
31481
31489
53101
44027
31511
44029
54037
31513
53113
44041
54049
31517
44053
53117
44059
54059
31531
53129
31541
53147
31543
44071
54083
53149
31547
44087
54091
53161
31567
44089
53171
54101
31573
44101
53173
31583
44111
54121
53189
31601
31607
44119
53197
54133
53201
54139
44123
31627
44129
31643
54151
44131
53231
31649
54163
31657
53233
44159
31663
54167
31667
53239
44171
54181
31687
53267
44179
54193
53269
31699
44189
53279
31721
54217
53281
44201
31723
31727
44203
31729
44207
53299
31741
44221
54251
31751
53309
44249
54269
31769
53323
44257
31771
54277
53327
44263
54287
44267
31793
53353
44269
31799
54293
44273
31817
53359
44279
54311
44281
54319
53377
31847
44293
54323
31849
53381
54331
31859
54347
31873
53401
44351
53407
54361
31883
44357
53411
31891
54367
44371
53419
54371
31907
54377
44381
53437
44383
53441
44389
54401
53453
31957
54403
31963
44417
54409
31973
53479
54413
31981
54419
44449
31991
53503
44453
54421
42013
53507
42017
54437
44483
42019
54443
53527
42023
44491
54449
44497
42043
53549
44501
54469
53551
42061
44507
53569
54493
42071
44519
54497
42073
53591
54499
42083
44531
53593
54503
42089
44533
53597
42101
44537
54517
53609
44543
54521
53611
44549
42131
54539
53617
44563
42139
54541
53623
44579
54547
53629
42157
53633
44587
54559
42169
53639
54563
44617
53653
42179
44621
53657
54577
25013
44623
54581
44633
54583
25031
44641
53681
25033
44647
25037
54601
53693
44651
53699
25057
54617
44657
25073
53717
54623
25087
44683
53719
25097
44687
54629
53731
25111
54631
25117
44699
25121
44701
25127
53759
54647
44711
25147
53773
54667
25153
53777
54673
44729
25163
53783
25169
54679
44741
53791
25171
25183
44753
25189
53813
54709
44771
53819
54713
44773
25219
53831
25229
44777
54721
25237
53849
44789
54727
25243
53857
25247
44797
53861
25253
44809
25261
54751
44819
53881
54767
53887
25301
54773
25303
44839
53891
54779
25307
53897
44843
25309
54787
53899
44851
25321
54799
25339
44867
53917
25343
44879
53923
25349
54829
44887
53927
25357
54833
44893
25367
53939
25373
44909
54851
53951
25391
44917
54869
25409
53959
54877
44927
25411
54881
25423
53987
44939
25439
53993
54907
44953
25447
35023
44959
25453
54917
35027
25457
44963
54919
25463
25469
35051
44971
25471
35053
54941
44983
35059
44987
54949
35069
25523
35081
43003
54959
35083
25537
43013
54973
25541
35089
43019
54979
35099
25561
54983
43037
35107
35111
25577
43049
25579
35117
52009
43051
25583
35129
52021
25589
43063
35141
52027
43067
25601
35149
25603
35153
52051
25609
43093
35159
25621
52057
35171
43103
25633
52067
25639
43117
52069
25643
35201
43133
52081
25657
35221
43151
25667
35227
52103
25673
43159
25679
52121
43177
25693
35251
52127
25703
43189
35257
25717
43201
52147
35267
43207
52153
25733
35279
25741
35281
43223
52163
25747
35291
25759
52177
43237
25763
52181
35311
25771
35317
52183
35323
52189
43261
25793
35327
43271
52201
25799
35339
25801
35353
43283
52223
25819
35363
43291
52237
25841
35381
25847
43313
52249
25849
35393
43319
52253
35401
25867
43321
52259
35407
25873
43331
52267
35419
25889
35423
25903
52289
35437
25913
52291
43391
35447
25919
52301
35449
43397
25931
25933
43399
35461
52313
25939
43403
25943
35491
52321
43411
25951
35507
25969
43427
35509
52361
25981
35521
43441
52363
25997
35527
25999
43451
52369
35531
35533
43457
37003
52379
35537
37013
43481
52387
35543
37019
43487
52391
37021
55001
43499
37039
37049
52433
55009
43517
37057
37061
55021
43541
52453
43543
55049
37087
52457
55051
37097
43573
55057
43577
37117
55061
52489
43579
37123
55073
52501
43591
55079
37139
43597
52511
55103
43607
52517
37159
55109
43609
37171
52529
43613
55117
37181
37189
52541
43627
55127
37199
52543
43633
37201
55147
52553
43649
43651
37217
52561
55163
37223
52567
43661
55171
52571
37243
43669
52579
43691
52583
37253
55201
37273
55207
43711
52609
37277
43717
55213
52627
43721
37307
55217
52631
37309
55219
37313
52639
55229
37321
43753
55243
52667
43759
37337
52673
55249
43777
37339
55259
43781
52691
37357
43783
52697
37361
43787
37363
55291
43789
52709
37369
43793
52711
55313
37379
43801
52721
55331
32993
50021
43853
50023
32999
55333
43867
50033
37397
55337
43889
50047
55339
43891
37409
50051
55343
50053
37423
55351
43913
37441
50069
55373
37447
50077
43933
55381
50087
37463
43943
50093
43951
37483
50101
55399
43961
37489
50111
55411
43963
37493
50119
43969
37501
50123
43973
37507
55439
50129
37511
43987
55441
37517
43991
50131
43997
55457
37529
50147
29009
55469
37537
50153
37547
29017
50159
29021
37549
55487
29023
37561
29027
50177
37567
55501
29033
37571
55511
37573
50207
29059
37579
55529
29063
50221
37589
29077
55541
37591
50227
55547
50231
37607
29101
37619
29123
29129
50261
37633
55579
29131
50263
29137
37643
55589
50273
37649
29147
55603
37657
50287
29153
55609
37663
50291
29167
55619
29173
55621
37691
37693
55631
29179
37699
29191
55633
29201
37717
55639
29207
29209
55661
37747
29221
55663
29231
55667
29243
29251
37781
55673
37783
29269
55681
37799
29287
29297
37811
55691
29303
37813
55697
29311
29327
55711
37831
29333
55717
29339
29347
55721
37847
29363
37853
55733
37861
29383
29387
37871
29389
37879
29399
29401
37889
55763
29411
37897
29423
55787
29429
37907
55793
29437
55799
29443
29453
55807
37951
55813
37957
29473
55817
37963
29483
55819
37967
55823
29501
37987
50311
55829
29527
37991
50321
55837
29531
37993
29537
50329
37997
55843
50333
55849
42181
29567
50341
42187
29569
55871
29573
42193
50359
29581
42197
55889
50363
29587
42209
55897
50377
42221
55901
29599
50383
42223
55903
29611
50387
42227
29629
29633
55921
50411
42239
29641
55927
50417
42257
55931
50423
29663
55933
42281
29669
42283
29671
55949
50441
42293
29683
42299
50459
55967
42307
50461
29717
42323
29723
55987
42331
50497
29741
42337
55997
50503
42349
29753
50513
42359
29759
50527
35569
29761
42373
35573
50539
42379
29789
35591
50543
42391
35593
50549
42397
35597
29803
50551
35603
42403
42407
35617
42409
42433
30011
42437
30013
30029
42443
35671
30047
35677
42451
42457
30059
42461
30071
42463
30089
35729
42467
30091
35731
42473
30097
30103
35747
42487
30109
35753
42491
30113
35759
30119
42499
30133
35771
42509
30137
30139
42533
30161
30169
42557
42569
30181
42571
30187
42577
30197
30203
42589
30211
30223
42611
30241
30253
42641
30259
42643
30269
42649
30271
42667
30293
42677
30307
30313
42683
30319
42689
30323
42697
30341
42701
30347
42703
30367
42709
42719
42727
42737
42743
42751
35797
42767
35801
42773
35803
35809
42787
42793
35831
42797
35837
35839
42821
42829
42839
42841
42853
42859
42863
42899
42901
42923
50581
42929
50587
42937
50591
42943
50593
42953
50599
42961
42967
50627
42979
50647
42989
50651
50671
41863
50683
41879
41887
50707
41893
50723
41897
41903
41911
50741
41927
50753
41941
50767
41947
50773
41953
41957
50777
41959
50789
41969
41981
41983
50821
41999
50833
50839
50849
50857
50867
30389
50873
30391
30403
50891
30427
57037
30431
50893
57041
30449
57047
50909
57059
50923
30467
50929
57073
30469
57077
50951
30491
57089
50957
30493
57097
30497
50969
30509
57107
50971
30517
57119
50989
30529
57131
50993
30539
57139
30553
57143
30557
57149
30559
22859
30577
57163
22861
57173
22871
30593
57179
22877
57191
22901
57193
22907
30631
30637
57203
22921
30643
57221
22937
30649
57223
22943
30661
30671
22961
57241
22963
30677
57251
30689
57259
30697
57269
30703
57271
30707
30713
57283
30727
57287
57301
22973
30757
30763
57329
22993
57331
30773
30781
57347
57349
30803
49003
30809
57367
49009
30817
57373
49019
30829
49031
30839
57383
30841
49033
57389
49037
30851
30853
49043
57397
30859
49057
30869
57413
30871
57427
30881
49069
49081
30893
57457
30911
57467
49103
49109
30931
30937
57487
49117
30941
57493
49121
30949
57503
49123
30971
49139
57527
30977
57529
30983
49157
57557
49169
57559
34019
49171
57571
34031
49177
34033
57587
57593
34039
49193
49199
34057
57601
49201
34061
49207
57637
49211
57641
49223
57649
57653
34123
49253
57667
34127
49261
34129
57679
49277
34141
57689
49279
34147
57697
34157
49297
34159
57709
49307
57713
34171
57719
34183
49331
57727
49333
57731
34211
57737
49339
34213
34217
57751
49363
34231
49367
57773
49369
34253
57781
34259
57787
49391
34261
57791
34267
49393
57793
34273
57803
49409
57809
34283
49411
34297
57829
33851
34301
34303
34313
34319
34327
34337
34351
51683
34361
51691
34367
34369
51713
34381
51719
51721
34403
34421
34429
60013
34439
60017
34457
34469
60029
34471
34483
60037
34487
60041
34499
34501
60077
34511
35851
34513
60083
34519
35863
60089
35869
60091
35879
60101
35897
35899
39829
35911
39839
35923
39841
35933
35951
34537
35963
34543
35969
35977
34549
35983
35993
35999
34583
34589
34591
34603
34607
34613
51749
34631
34649
51767
34651
51769
34667
51787
34673
34679
51797
34687
51803
34693
34703
51817
51827
34721
51829
34729
51839
34739
34747
51853
34757
51859
27011
34759
27017
51869
34763
51871
27031
34781
27043
51893
27059
34807
51899
27061
27067
34819
51907
27073
51913
27077
34841
34843
27091
34847
51929
39847
27103
34849
39857
27107
51941
27109
39863
34871
39869
34877
27127
51949
39877
34883
39883
27143
39887
34897
51971
39901
27179
34913
51973
34919
27191
51977
27197
39929
34939
27211
51991
39937
34949
34961
39953
34963
27239
52727
27241
39971
34981
27253
52733
39979
27259
52747
39983
40009
52757
27271
39989
27277
40013
52769
27281
27283
40031
27299
52783
40037
60103
40039
52807
60107
27329
40063
52813
27337
60127
52817
40087
27361
60133
52837
27367
40093
60139
40099
52859
60149
27397
52861
40111
27407
60161
27409
40123
52879
60167
40127
52883
27427
60169
40129
52889
27431
27437
40151
27449
52901
60209
40153
52903
27457
40163
60217
40169
60223
27479
40177
52919
27481
27487
40189
52937
40193
60251
27509
52951
40213
27527
60257
52957
27529
60259
40231
27539
27541
52963
40237
60271
27551
52967
52973
27581
27583
49417
27611
49429
40241
27617
49433
27631
40253
49451
48017
27647
40277
49459
27653
48023
40283
49463
48029
40289
27673
49477
48049
49481
27689
27691
48073
49499
27697
27701
40343
48079
49523
48091
40351
49529
27733
27737
49531
40357
48109
27739
49537
40361
48119
27743
49547
48121
27749
49549
48131
27751
40387
49559
27763
27767
40423
27773
48157
40427
27779
49597
48163
40429
27791
40433
48179
49603
27793
48187
27799
40459
49613
48193
27803
40471
27809
48197
49627
40483
27817
49633
40487
27823
48221
49639
27827
40493
40499
27847
48239
49663
27851
48247
40507
49667
40519
48259
49669
27883
40529
48271
49681
40531
27893
48281
49697
27901
40543
49711
48299
27917
40559
27919
49727
48311
27941
48313
40577
27943
49739
40583
27947
49741
40591
48337
27953
49747
40597
48341
27961
49757
27967
40609
48353
27983
40627
48371
49783
27997
49787
48383
40637
49789
40639
48397
49801
45007
48407
49807
45013
48409
49811
40693
48413
40697
49823
45053
40699
48437
49831
45061
40709
49843
45077
48449
45083
49853
48463
40739
48473
49871
40751
48479
49877
45119
48481
40759
45121
40763
49891
40771
48487
49919
40787
48491
49921
40801
48497
49927
40813
46021
40819
49937
46027
40823
49939
48523
40829
49943
48527
46049
40841
48533
46051
49957
40847
48539
46061
40849
48541
40853
46073
49991
48563
40867
46091
49993
48571
40879
46093
49999
40883
48589
46099
46103
60289
48593
40897
60293
40903
48611
60317
46133
48619
40927
46141
48623
40933
60331
46147
40939
60337
46153
48647
40949
48649
60343
40961
48661
46171
60353
40973
48673
46181
60373
48677
46183
48679
46187
40993
60383
46199
59779
60397
46219
48731
46229
59791
60413
48733
46237
59797
60427
48751
59809
48757
60443
46261
48761
60449
46271
59833
48767
46273
60457
48779
46279
59863
48781
48787
46301
59879
46307
60493
48799
46309
60497
59887
48809
46327
48817
60509
48821
46337
60521
48823
59921
46349
60527
46351
59929
48847
60539
48857
59951
48859
46381
48869
59957
60589
46399
48871
60601
46411
59971
48883
60607
48889
59981
46439
60611
46441
60617
48907
46447
60623
46451
59999
60631
46457
29819
60637
48947
46471
29833
60647
48953
29837
46477
60649
29851
46489
48973
60659
29863
46499
60661
48989
29867
46507
29873
48991
60679
29879
46511
29881
60689
29917
46523
29921
60703
52981
29927
60719
46549
52999
46559
29947
60727
60733
46567
29959
60737
46573
29983
29989
46589
60757
46591
60761
61001
46601
60763
61007
60773
46619
61027
60779
46633
61031
61043
60793
46639
61051
46643
61057
60811
46649
46663
60821
61091
46679
46681
61099
46687
61121
60859
61129
46691
60869
61141
46703
61151
60887
61153
46723
61169
60889
46727
46747
60899
61211
46751
46757
60901
47017
61223
46769
60913
61231
46771
60917
47041
60919
61253
47051
46807
60923
61261
46811
47057
60937
46817
47059
60943
46819
61283
46829
60953
46831
61291
47087
60961
61297
47093
46853
47111
46861
61331
47119
46867
61333
47123
46877
61339
47129
61343
47137
61357
46889
61363
47143
46901
61379
47147
61381
46919
47149
61403
61409
47161
46933
61417
47189
46957
61441
61463
47207
61469
61471
47221
46993
61483
46997
61487
47237
61493
57839
61507
47251
57847
61511
57853
61519
47269
57859
61543
47279
61547
57881
47287
61553
61559
47293
57899
61561
47297
57901
61583
47303
57917
47309
61603
57923
47317
61609
61613
57943
47339
61627
61631
57947
47351
61637
61643
47353
61651
47363
57973
61657
57977
61667
47381
61673
47387
57991
61681
47389
61687
47407
61703
47417
61717
47419
61723
47431
61729
47441
61751
47459
61757
47491
47497
61781
47501
47507
61813
47513
61819
47521
47527
61837
47533
61843
47543
61861
47563
61871
47569
61879
47581
47591
61909
47599
61927
47609
61933
47623
47629
61949
47639
61961
47653
61967
47657
47659
61979
61981
47681
61987
61991
47699
47701
47711
47713
47717
47737
33857
47741
33863
47743
33871
33889
47777
33893
47779
33911
47791
33923
47797
33931
47807
33937
47809
33941
47819
33961
33967
47837
47843
33997
47857
47869
47881
47903
47911
47917
45127
47933
47939
45131
45137
47947
45139
47951
45161
45179
45181
45191
45197
45233
45247
45259
45263
45281
45289
45293
45307
Criando thread para intervalo 63000 - 63999
45317
45319
45329
45337
45341
47963
45343
47969
47977
45361
47981
45377
45389
45403
45413
62003
45427
62011
62017
45433
62039
45439
62047
62053
62057
45481
45491
62071
45497
62081
62099
45503
45523
62119
45533
62129
45541
62131
45553
62137
45557
62141
45569
62143
45587
62171
45589
62189
45599
62191
45613
62201
45631
62207
45641
62213
62219
45659
62233
45667
45673
45677
62273
45691
45697
45707
62297
62299
62303
45737
62311
45751
62323
45757
62327
45763
45767
62347
45779
62351
45817
62383
45821
45823
62401
45827
45833
62417
45841
62423
45853
45863
45869
45887
62459
62467
45893
62473
62477
45943
62483
45949
62497
45953
45959
62501
62507
45971
45979
45989
62533
62539
62549
62563
62581
62591
62597
62603
62617
62627
62633
62639
62653
62659
62683
62687
62701
62723
62731
62743
Criando thread para intervalo 64000 - 64999
62753
62761
62773
63029
62791
63031
62801
Criando thread para intervalo 65000 - 65999
63059
62819
62827
63067
62851
63073
Criando thread para intervalo 66000 - 66999
63079
62861
65003
62869
63097
65011
62873
Criando thread para intervalo 67000 - 67999
63103
65027
65029
63113
62897
65033
63127
62903
Criando thread para intervalo 68000 - 68999
63131
62921
65053
62927
65063
63149
62929
65071
Criando thread para intervalo 69000 - 69999
62939
63179
65089
62969
65099
63197
Criando thread para intervalo 70000 - 70999
62971
65101
63199
65111
62981
63211
62983
65119
Criando thread para intervalo 71000 - 71999
62987
65123
63241
62989
65129
63247
65141
Criando thread para intervalo 72000 - 72999
65147
63277
65167
63281
65171
65173
63299
65179
63311
65183
63313
67003
63317
Criando thread para intervalo 73000 - 73999
65203
63331
67021
63337
65213
67033
63347
67043
Criando thread para intervalo 74000 - 74999
63353
65239
67049
63361
67057
65257
63367
67061
65267
Criando thread para intervalo 75000 - 75999
63377
65269
67073
63389
65287
67079
63391
Criando thread para intervalo 76000 - 76999
65293
63397
65309
67103
63409
63419
Criando thread para intervalo 77000 - 77999
67121
63421
65323
67129
65327
67139
63439
Criando thread para intervalo 78000 - 78999
67141
63443
65353
67153
65357
67157
63463
Criando thread para intervalo 79000 - 79999
63467
63473
67169
65371
63487
67181
65381
Criando thread para intervalo 80000 - 80999
67187
63493
65393
67189
63499
65407
67211
63521
Criando thread para intervalo 81000 - 81999
67213
65413
63527
67217
65419
63533
67219
65423
63541
Criando thread para intervalo 82000 - 82999
67231
65437
63559
65447
67247
65449
63577
Criando thread para intervalo 83000 - 83999
67261
63587
63589
67271
65479
63599
67273
65497
63601
Criando thread para intervalo 84000 - 84999
83003
75011
67289
83009
63607
83023
67307
63611
63617
83047
Criando thread para intervalo 85000 - 85999
67339
63629
83059
67343
67349
83063
75013
82003
Criando thread para intervalo 86000 - 86999
70001
74017
82007
82009
70003
74021
65519
67369
82013
65521
82021
Criando thread para intervalo 87000 - 87999
67391
65537
82031
67399
65539
82037
67409
65543
Criando thread para intervalo 88000 - 88999
82039
67411
65551
82051
67421
65557
65563
82067
67427
Criando thread para intervalo 89000 - 89999
82073
67429
65579
67433
65581
67447
65587
Criando thread para intervalo 90000 - 90999
67453
65599
82129
65609
67477
82139
65617
Criando thread para intervalo 91000 - 91999
67481
82141
67489
82153
67493
65629
82163
Criando thread para intervalo 92000 - 92999
67499
65633
82171
67511
65647
82183
65651
82189
65657
Criando thread para intervalo 93000 - 93999
67523
82193
65677
67531
82207
65687
67537
Criando thread para intervalo 94000 - 94999
67547
82217
65699
82219
67559
65701
82223
67567
65707
Criando thread para intervalo 95000 - 95999
82231
67577
65713
82237
67579
65717
82241
65719
67589
Criando thread para intervalo 96000 - 96999
65729
82261
65731
67601
82267
67607
Criando thread para intervalo 97000 - 97999
65761
82279
67619
65777
67631
82301
82307
65789
Criando thread para intervalo 98000 - 98999
67651
65809
65827
67679
Criando thread para intervalo 99000 - 99999
65831
82339
65837
67699
82349
65839
82351
65843
67709
82361
65851
82373
67723
65867
67733
82387
65881
67741
82393
67751
65899
67757
65921
82421
67759
63647
65927
67763
63649
65929
67777
82457
63659
67783
82463
63667
65951
67789
63671
82469
65957
82471
67801
63689
65963
82483
67807
63691
65981
82487
63697
65983
67819
82493
63703
65993
67829
63709
82499
67843
63719
82507
67853
63727
67867
83071
63737
82529
67883
63743
82531
83077
67891
63761
67901
82549
83089
63773
83093
82559
63781
67927
82561
83101
67931
63793
82567
67933
83117
82571
67939
63799
67943
63803
83137
63809
67957
82591
67961
63823
83177
82601
67967
63839
82609
63841
67979
82613
63853
67987
82619
83203
63857
67993
83207
82633
63863
83219
82651
83221
82657
83227
63901
83231
73009
63907
83233
73013
82699
63913
83243
73019
83257
63929
82721
73037
63949
83267
82723
73039
83269
82727
73043
63977
83273
82729
73061
83299
73063
63997
82757
73079
82759
83311
82763
73091
83339
82781
73121
83341
82787
73127
82793
83357
73133
75017
82799
73141
75029
82811
83383
75037
82813
75041
83389
82837
73181
83399
82847
83401
73189
83407
75079
75083
82883
83417
73237
75109
82889
83423
73243
82891
83431
75133
82903
73259
83437
82913
73277
75149
83443
83449
73291
75161
83459
73303
75167
83471
73309
82939
75169
83477
82963
73327
75181
83497
73331
75193
82981
73351
83537
75209
82997
73361
75211
73363
83557
75217
73369
83561
75223
75227
83563
69001
73379
75239
73387
83579
69011
75253
83591
69019
73417
75269
69029
73421
83597
75277
69031
83609
73433
75289
83617
69061
83621
69067
73453
75307
69073
73459
83639
75323
73471
83641
69109
75329
73477
69119
75337
83653
73483
69127
75347
83663
73517
75353
69143
73523
69149
83689
75367
73529
69151
83701
75377
69163
75389
83717
73547
75391
69191
83719
73553
75401
69193
73561
75403
69197
83737
73571
75407
69203
73583
83761
69221
73589
75431
69233
73597
83773
69239
75437
83777
73607
69247
73609
69257
83791
73613
69259
75479
73637
69263
83813
75503
73643
75511
83833
73651
69313
75521
83843
69317
75527
73673
73679
75533
83857
73681
69337
75539
83869
69341
75541
73693
83873
73699
75553
83891
73709
75557
69371
73721
83903
75571
69379
73727
83911
75577
69383
75583
73751
69389
83921
69401
83933
73757
69403
75611
83939
73771
69427
75617
73783
69431
75619
83969
69439
75629
69457
75641
83983
73819
69463
83987
73823
75653
69467
75659
73847
69473
73849
75679
69481
73859
75683
69491
75689
73867
69493
70009
75703
73877
69497
70019
75707
69499
73883
75709
73897
70039
75721
69539
75731
70051
73907
70061
75743
69557
70067
73939
70079
73943
75767
69593
73951
75773
70099
73961
75781
69623
70111
75787
73973
70117
75793
70121
75797
70123
69653
73999
70139
69661
75821
70141
69677
70157
75833
81001
84011
77003
81013
84017
77017
81017
77023
75853
81019
84047
77029
84053
81023
75869
77041
84059
81031
77047
75883
84061
81041
84067
81043
75913
81047
77069
84089
75931
81049
75937
77081
81071
75941
81077
84121
77093
84127
81083
77101
75967
84131
75979
81097
84137
75983
81101
84143
77137
75989
81119
77141
84163
75991
81131
75997
84179
77153
81157
84181
77167
81163
84191
77171
81173
69691
81181
84199
69697
77191
81197
84211
81199
77201
69709
84221
81203
77213
84223
69737
84229
77237
81223
69739
77239
81233
84239
77243
69761
81239
84247
77249
69763
69767
77261
84263
69779
77263
81281
77267
81283
77269
84299
69809
81293
77279
84307
69821
81299
69827
77291
84313
81307
69829
84317
69833
77317
84319
81331
69847
77323
84347
69857
84349
77339
81343
69859
77347
81349
77351
81353
69877
84377
81359
77359
69899
84389
81371
77369
69911
84391
81373
77377
84401
69929
84407
77383
81401
69931
84421
69941
81409
84431
77417
81421
69959
84437
77419
84443
81439
77431
69991
84449
81457
69997
84457
77447
81463
84463
84467
77471
76001
77477
84481
81509
76003
77479
84499
81517
77489
76031
84503
81527
77491
84509
76039
81533
77509
84521
81547
77513
84523
76079
81551
77521
76081
81553
77527
76091
81559
84533
77543
76099
84551
77549
76103
77551
84559
77557
77563
84589
77569
77573
77587
68023
84629
77591
68041
84631
68053
68059
84649
84653
68071
84659
68087
84673
68099
84691
76123
68111
84697
68113
84701
76129
84713
76147
68141
84719
68147
76157
68161
84731
76159
68171
84737
76163
84751
68207
84761
76207
68209
76213
68213
84787
68219
76231
84793
77611
68227
76243
77617
68239
84809
76249
77621
84811
76253
68261
77641
76259
77647
76261
84827
68279
77659
68281
76283
84857
76289
84859
77681
76303
68311
84869
84871
68329
76333
68351
84913
76343
84919
68371
76367
76369
68389
84947
76379
68399
84961
76387
84967
68437
84977
77687
76403
68443
84979
77689
68447
76421
77699
84991
68449
76423
77711
76441
68473
68477
68483
76463
68489
70163
76471
68491
70177
76481
68501
70181
76487
68507
70183
76493
68521
70199
68531
70201
76507
70207
68539
76511
68543
76519
70223
70229
74027
68567
76537
70237
76541
70241
68581
76543
74047
70249
74051
76561
68597
74071
70271
76579
68611
74077
70289
76597
74093
68633
70297
76603
74099
68639
76607
74101
70309
68659
70313
76631
68669
70321
78007
70327
76649
68683
78017
68687
76651
70351
78031
76667
68699
70373
76673
78041
70379
68711
76679
70381
78049
68713
70393
78059
68729
76697
68737
70423
76717
68743
78079
70429
68749
70439
76733
78101
68767
70451
76753
68771
70457
76757
78121
68777
70459
78137
76771
68791
70481
78139
76777
70487
76781
78157
68813
70489
68819
78163
76801
70501
68821
78167
70507
76819
78173
68863
76829
78179
76831
68879
70529
78191
76837
68881
78193
70537
68891
76847
78203
70549
68897
68899
76871
70571
78229
68903
76873
70573
78233
68909
76883
78241
70583
68917
70589
76907
78259
68927
76913
70607
78277
68947
76919
78283
68963
70619
76943
70621
78301
76949
70627
78307
68993
76961
70639
78311
70657
78317
70663
78341
70667
78347
70687
78367
70709
70717
80021
70729
78401
80039
78427
80051
70753
78437
78439
80071
70769
80077
78467
70783
70793
78479
80107
78487
70823
80111
78497
70841
78509
80141
70843
78511
80147
70849
78517
80149
70853
80153
70867
78539
80167
78541
80173
70877
70879
80177
70891
80191
70901
80207
70913
80209
70919
70921
80221
80231
70937
80233
70949
80239
70951
80251
70957
80263
70969
80273
70979
80279
70981
70991
80287
78553
70997
70999
80309
78569
80317
78571
78577
80329
80341
78583
80347
78593
80363
78607
80369
85009
78623
80387
85021
78643
85027
80407
78649
85037
78653
80429
85049
78691
85061
80447
78697
80449
78707
80471
78713
85081
80473
85087
80489
78721
80491
85091
85093
78737
80513
85103
80527
85109
80537
78779
85121
78781
85133
80557
78787
80567
85147
78791
78797
85159
78803
78809
85193
85199
85201
78823
78839
78853
78857
80599
78877
78887
80603
78889
80611
78893
80621
78901
80627
80629
78919
80651
78929
80657
78941
80669
80671
80677
78977
80681
78979
80683
78989
80687
80701
80713
80737
80747
80749
80761
85213
74131
80777
85223
80779
74143
85229
80783
74149
85237
80789
74159
85243
80803
97001
80809
87011
97003
87013
97007
80819
97021
80831
87037
80833
97039
87041
80849
87049
97073
80863
87071
97081
87083
80897
80909
97103
80911
87103
97117
80917
87107
80923
97127
87119
80929
87121
80933
97151
80953
87133
97157
80963
97159
87149
80989
97169
87151
97171
97177
87179
97187
87181
87187
97213
87211
87221
97231
87223
79031
97241
79039
87251
97259
79043
87253
87257
79063
97283
79087
87277
87281
97301
79103
97303
87293
79111
87299
79133
97327
87313
79139
87317
79147
79151
87323
97367
79153
87337
97369
79159
97373
79181
87359
97379
79187
97381
79193
87383
97387
79201
97397
87403
79229
87407
79231
97423
79241
87421
97429
87427
79259
97441
87433
79273
79279
87443
97453
79283
97459
79301
97463
87473
79309
87481
79319
97499
87491
79333
97501
79337
87509
79349
87511
97511
79357
87517
97523
87523
79367
87539
79379
97547
87541
97549
79393
87547
97553
79397
87553
79399
97561
87557
97571
79411
87559
97577
79423
87583
97579
79427
87587
79433
97583
87589
79451
97607
97609
87613
97613
79481
87623
79493
87629
87631
87641
97649
79531
87643
97651
79537
87649
79549
87671
74161
79559
87679
74167
79561
87683
74177
87691
79579
74189
87697
79589
74197
87701
79601
74201
79609
74203
79613
74209
87719
79621
74219
87721
79627
79631
74231
87739
79633
87743
74257
79657
87751
74279
79669
74287
87767
79687
74293
79691
87793
74297
79693
87797
79697
74311
79699
87803
74317
74323
87811
79757
79769
87833
74353
79777
74357
87853
74363
79801
87869
74377
79811
87877
74381
79813
87881
74383
79817
79823
87887
74411
79829
74413
87911
79841
74419
87917
79843
79847
87931
74441
79861
87943
79867
74449
79873
74453
87959
79889
74471
87961
79901
87973
79903
74489
87977
79907
74507
87991
74509
79939
74521
79943
74527
74531
79967
85247
79973
74551
79979
85259
74561
79987
74567
79997
74573
85297
79999
74587
85303
74597
85313
74609
85331
74611
85333
74623
85361
81563
74653
85363
81569
85369
74687
85381
81611
81619
74699
81629
85411
74707
81637
74713
81647
85427
74717
81649
85429
74719
81667
74729
85439
81671
74731
85447
81677
85451
74747
81689
85453
74759
81701
74761
85469
81703
74771
81707
85487
74779
74797
81727
81737
85513
81749
85517
74821
81761
85523
74827
81769
74831
85531
81773
74843
85549
74857
81799
74861
85571
81817
74869
85577
81839
74873
85597
81847
74887
85601
81853
74891
85607
74897
81869
85619
74903
81883
85621
81899
85627
74923
81901
74929
85639
81919
74933
85643
81929
81931
74941
85661
81937
85667
81943
85669
81953
85691
81967
85703
81971
85711
81973
85717
85733
71011
85751
74959
71023
71039
85781
71059
85793
71069
85817
71081
77713
85819
71089
77719
85829
77723
85831
71119
77731
85837
71129
77743
71143
85843
71147
77747
85847
71153
77761
71161
71167
85853
77773
71171
77783
85889
77797
71191
85903
77801
71209
77813
85909
71233
71237
85931
71249
77839
85933
71257
77849
71261
71263
77863
77867
85991
71287
71293
85999
77893
77899
71317
77929
77933
99013
77951
99017
99023
77969
77977
77983
71327
71329
77999
71333
71339
71341
71347
71353
71359
71363
98009
98011
71387
98017
71389
71399
71411
98041
71413
98047
71419
98057
71429
71437
98081
71443
98101
72019
99041
98123
72031
99053
98129
72043
72047
98143
99079
72053
99083
72073
99089
98179
72077
72089
99103
72091
98207
99109
72101
98213
99119
72103
98221
72109
99131
98227
71453
99133
72139
71471
99137
98251
72161
71473
99139
98257
72167
71479
99149
72169
71483
98269
72173
71503
99173
98297
71527
99181
98299
72211
99191
71537
72221
98317
71549
72223
98321
71551
72227
98323
99223
72229
71563
98327
99233
72251
71569
72253
99241
98347
71593
71597
99251
72269
98369
99257
98377
71633
99259
98387
71647
99277
98389
71663
99289
98407
71671
98411
98419
71693
99317
71699
98429
71707
99347
71711
99349
71713
98443
71719
99367
98453
71741
99371
98459
98467
99377
71761
94007
98473
99391
71777
94009
98479
99397
71789
99401
98491
94033
71807
99409
71809
98507
71821
99431
98519
94049
99439
71837
98533
94057
71843
94063
71849
98543
94079
99469
71861
98561
71867
99487
94099
98563
71879
99497
94109
71881
98573
94111
71887
99523
94117
71899
98597
99527
94121
71909
99529
71917
98621
94151
99551
71933
98627
94153
71941
99559
86011
93001
99563
86017
99571
86027
99577
86029
93047
99581
93053
93059
99607
91009
86069
99611
91019
93077
86077
99623
93083
86083
91033
93089
99643
86111
93097
86113
91079
86117
93103
99661
91081
93113
86131
99667
91097
86137
93131
91099
99679
86143
93133
99689
91121
93139
86161
93151
99707
91127
99709
91129
86171
93169
99713
91139
86179
93179
91141
99719
86183
93187
91151
99721
86197
91153
93199
99733
86201
91159
99761
86209
91163
93229
99767
93239
91183
93241
86239
91193
99787
86243
93251
91199
99793
86249
93253
99809
86257
93257
86263
91229
99817
93263
91237
86269
99823
93281
91243
86287
93283
99829
91249
93287
86291
91253
99833
86293
99839
93307
86297
93319
99859
91283
93323
86311
91291
99871
93329
86323
91297
99877
93337
91303
99881
86341
91309
86351
99901
86353
93371
91331
99907
86357
93377
93383
86369
99923
86371
99929
93407
86381
91367
91369
93419
86389
99961
91373
86399
93427
99971
91381
86413
91387
99989
86423
91393
93463
99991
91397
86441
91411
86453
93479
86461
93481
91423
86467
93487
91433
86477
93491
91453
93493
86491
89003
91457
93497
89009
86501
91459
93503
89017
86509
91463
89021
93523
93529
86531
91493
86533
89041
91499
93553
86539
89051
91513
93557
89057
86561
93559
91529
89069
86573
93563
89071
91541
86579
93581
86587
89083
91571
93601
86599
89087
91573
93607
91577
89101
86627
91583
89107
86629
93629
91591
89113
93637
89119
91621
86677
89123
91631
86689
89137
86693
91639
93683
89153
93701
86711
93703
91673
86719
89189
93719
86729
91691
93739
89203
86743
91703
89209
93761
86753
89213
91711
93763
89227
86767
91733
89231
86771
93787
89237
86783
91753
93809
91757
89261
93811
86813
91771
89269
93827
86837
91781
89273
86843
93851
89293
86851
91801
89303
86857
91807
93871
89317
86861
91811
91813
86869
89329
93887
91823
93889
93893
91837
89363
93901
91841
86923
89371
93911
86927
93913
91867
89381
86929
93923
89387
91873
86939
93937
89393
86951
93941
89399
91909
93949
86959
89413
91921
86969
93967
89417
93971
86981
91939
89431
93979
91943
86993
89443
93983
91951
89449
91957
89459
93997
91961
91967
96001
89477
91969
96013
89491
91997
96017
89501
76963
89513
96043
89519
76991
89521
96053
95003
89527
96059
95009
89533
95021
71947
96079
89561
95027
89563
71963
96097
89567
95063
71971
95071
89591
71983
95083
71987
89597
96137
95087
89599
71993
95089
89603
96149
71999
95093
89611
96157
95101
89627
96167
95107
89633
95111
96179
96181
92003
89653
92009
96199
89657
95131
89659
96211
92033
95143
89669
96221
92041
95153
89671
96223
92051
89681
96233
95177
89689
92077
95189
92083
96259
95191
96263
95203
92107
96269
95213
92111
96281
95219
89753
92119
95231
96289
89759
95233
89767
96293
92143
95239
89779
92153
95257
96323
89783
95261
96329
89797
92173
95267
96331
92177
89809
96337
95273
92179
89819
95279
96353
92189
89821
95287
89833
92203
96377
89839
92219
89849
92221
96401
95311
92227
89867
95317
92233
89891
96419
95327
92237
95339
92243
89897
96431
89899
92251
96443
89909
95369
96451
92269
89917
96457
89923
95383
92297
96461
95393
89939
96469
92311
95401
96479
92317
95413
89959
96487
92333
89963
95419
96493
89977
96497
95429
92347
89983
95441
92353
96517
89989
95443
92357
96527
92363
95461
92369
96553
95467
96557
92377
95471
92381
92383
95479
96581
92387
95483
66029
96587
66037
92399
95507
66041
92401
96589
92413
95527
96601
66047
95531
92419
66067
92431
95539
66071
96643
95549
66083
66089
95561
96661
92459
96667
92461
66103
95569
96671
66107
92467
95581
66109
92479
96697
95597
66137
92489
96703
95603
66161
92503
95617
92507
66169
95621
66173
96731
95629
66179
96737
92551
95633
66191
92557
95651
92567
88001
66221
92569
88003
66239
88007
92581
92593
95701
88019
66271
95707
92623
88037
95713
92627
66293
95717
95723
92639
66301
88069
92641
95731
88079
66337
92647
95737
66343
88093
92657
66347
95747
92669
88117
66359
95773
92671
66361
88129
95783
92681
66373
95789
92683
66377
95791
66383
92693
88169
95801
92699
88177
95803
66403
92707
66413
95813
92717
95819
88211
92723
66431
66449
92737
88223
95857
66457
88237
66463
92753
88241
66467
95869
92761
95873
66491
92767
88259
95881
66499
88261
92779
95891
66509
92789
88289
94169
92791
95911
88301
95917
92801
94201
95923
92809
94207
88321
95929
88327
92821
94219
95947
88337
92831
94229
88339
95957
95959
92849
94253
88379
95971
92857
94261
92861
95987
88397
94273
92863
95989
94291
92867
88411
88423
94307
88427
92893
94309
66523
92899
94321
66529
92921
88463
94327
66533
88469
92927
66541
94331
88471
66553
94343
92941
94349
66569
88493
92951
94351
66571
88499
92957
66587
92959
88513
66593
94379
88523
66601
92987
94397
66617
88547
92993
94399
66629
66643
94421
88589
66653
94427
88591
94433
64007
64013
94439
88607
66683
64019
88609
94441
66697
66701
94447
64033
66713
64037
94463
88643
66721
64063
94477
88651
66733
64067
88657
94483
66739
88661
64081
66749
88663
94513
64091
66751
88667
94529
64109
88681
94531
66763
64123
94541
66791
94543
64151
88721
66797
64153
94547
88729
64157
66809
64171
66821
64187
64189
66841
90001
98639
66851
66853
90007
98641
64217
66863
90011
98663
64223
66877
90017
64231
98669
66883
90019
64237
90023
66889
98689
90031
64271
98711
64279
66919
64283
90053
66923
98713
90059
66931
98717
64301
66943
90067
64303
66947
98729
66949
98731
64319
66959
72271
98737
64327
72277
66973
64333
72287
66977
98773
72307
98779
64373
72313
64381
98801
72337
64399
98807
72341
64403
98809
72353
98837
64433
98849
64439
72367
98867
64451
98869
64453
72379
98873
72383
98887
64483
98893
98897
64489
98899
72421
64499
98909
98911
72431
98927
64513
98929
72461
98939
98947
72467
98953
64553
72469
98963
64567
72481
98981
64577
98993
64579
98999
72493
64591
72497
64601
72503
64609
97673
64613
72533
97687
64621
72547
64627
72551
97711
64633
72559
97729
64661
72577
97771
64663
97777
64667
64679
97787
72613
97789
72617
64693
97813
97829
72623
64709
97841
72643
64717
97843
72647
97847
72649
97849
64747
97859
72661
97861
64763
97871
72671
97879
72673
97883
64781
72679
64783
72689
97919
64793
97927
72701
97931
64811
72707
97943
64817
72719
97961
72727
97967
64849
97973
72733
64853
97987
72739
64871
72763
64877
72767
64879
96739
64891
96749
72797
96757
64901
96763
72817
96769
64919
96779
72823
64921
96787
64927
96797
64937
96799
72859
96821
64951
96823
72869
96827
72871
64969
72883
96847
96851
72889
64997
96857
72893
96893
72901
96907
96911
72907
96931
72911
96953
72923
96959
96973
72931
96979
72937
72949
96989
72953
96997
72959
72973
72977
72997
88741
88747
88771
88789
88793
88799
88801
88807
88811
88813
88817
88819
90071
90073
88843
90089
88853
88861
90107
88867
88873
90121
88883
90127
88897
88903
90149
88919
90163
88937
90173
88951
90187
90191
88969
90197
90199
88993
90203
88997
90217
90227
90239
90247
90263
90271
90281
90289
90313
90353
90359
90371
90373
90379
90397
90401
90403
90407
90437
90439
94559
94561
90469
94573
90473
94583
90481
94597
90499
94603
90511
94613
90523
94621
90527
90529
94649
90533
94651
90547
94687
90583
94693
90599
94709
90617
90619
94723
90631
94727
90641
94747
90647
90659
94771
94777
90677
94781
90679
94789
90697
94793
90703
94811
90709
94819
94823
90731
94837
90749
94841
94847
94849
90787
94873
90793
90803
94889
90821
94903
90823
94907
90833
94933
90841
90847
94949
94951
90863
90887
94961
90901
94993
90907
94999
90911
90917
90931
90947
90971
90977
90989
90997
