Criando thread para intervalo 0 - 999
Criando thread para intervalo 1000 - 1999
1
3
5
7
11
13
17
Criando thread para intervalo 2000 - 2999
19
23
29
31
37
41
43
47
53
59
61
1009
67
71
1013
73
1019
79
1021
83
89
1031
97
1033
101
103
107
1039
109
113
1049
1051
127
Criando thread para intervalo 3000 - 3999
131
1061
137
139
1063
149
151
1069
157
163
167
173
1087
179
181
1091
191
1093
193
197
1097
199
1103
211
1109
223
Criando thread para intervalo 4000 - 4999
227
1117
229
233
239
1123
241
1129
251
257
1151
263
1153
269
271
1163
277
281
1171
283
1181
293
1187
307
1193
311
Criando thread para intervalo 5000 - 5999
313
1201
317
331
1213
337
1217
347
349
1223
353
1229
359
1231
367
1237
373
379
383
1249
389
1259
397
Criando thread para intervalo 6000 - 6999
1277
401
1279
1283
409
1289
419
1291
421
1297
431
1301
433
1303
1307
439
443
1319
449
1321
457
1327
461
463
467
Criando thread para intervalo 7000 - 7999
479
1361
487
491
1367
499
503
1373
509
1381
521
523
1399
1409
541
547
1423
1427
557
1429
Criando thread para intervalo 8000 - 8999
563
1433
569
1439
571
577
1447
1451
587
1453
593
599
1459
601
607
1471
1481
613
1483
617
1487
619
1489
1493
631
1499
Criando thread para intervalo 9000 - 9999
641
643
1511
647
653
1523
659
661
1531
673
677
1543
683
1549
691
1553
701
1559
709
1567
719
1571
727
Criando thread para intervalo 10000 - 10999
733
1579
739
1583
743
751
1597
757
1601
761
1607
769
1609
773
1613
787
1619
1621
797
1627
809
1637
811
Criando thread para intervalo 11000 - 11999
821
1657
823
827
1663
829
839
1667
1669
853
857
859
863
1693
877
1697
881
883
1699
887
1709
907
Criando thread para intervalo 12000 - 12999
1721
911
1723
919
1733
929
937
1741
941
947
1747
953
1753
967
1759
971
977
983
1777
1783
991
1787
997
Criando thread para intervalo 13000 - 13999
1789
1801
1811
1823
1831
1847
1861
1867
1871
1873
1877
1879
1889
Criando thread para intervalo 14000 - 14999
1901
1907
1913
1931
1933
1949
1951
1973
1979
1987
1993
1997
1999
3001
Criando thread para intervalo 15000 - 15999
3011
3019
3023
3037
3041
3049
3061
6007
6011
6029
6037
6043
6047
6053
6067
6073
6079
6089
6091
6101
6113
6121
6131
6133
6143
6151
3067
3079
6163
3083
3089
6173
3109
6197
3119
3121
6199
6203
3137
6211
6217
6221
3163
6229
3167
3169
6247
3181
3187
6257
3191
6263
6269
3203
3209
6271
3217
6277
3221
3229
6287
6299
3251
6301
3253
3257
6311
3259
6317
3271
6323
6329
3299
6337
3301
3307
6343
3313
6353
3319
6359
3323
6361
6367
6373
6379
6389
2003
6397
2011
2017
2027
6421
2029
6427
2039
2053
2063
6449
2069
6451
2081
2083
6469
2087
2089
6473
4001
2099
6481
4003
2111
4007
6491
2113
4013
4019
4021
2129
4027
2131
6521
2137
2141
6529
4049
2143
4051
2153
4057
6547
2161
6551
4073
2179
6553
4079
4091
6563
4093
2203
6569
4099
2207
6571
4111
2213
6577
4127
2221
6581
4129
2237
4133
2239
4139
6599
2243
2251
6607
4153
4157
6619
2267
2269
2273
6637
2281
2287
6653
2293
2297
6659
2309
6661
2311
6673
2333
6679
2339
2341
6689
2347
2351
6691
2357
6701
2371
6703
2377
2381
6709
2383
2389
6719
2393
2399
6733
2411
6737
2417
2423
6761
2437
2441
6763
2447
2459
6779
2467
6781
2473
6791
2477
6793
6803
2503
6823
2521
6827
2531
6829
2539
6833
2543
6841
2549
2551
Criando thread para intervalo 16000 - 16999
6857
6863
5003
6869
5009
6871
5011
6883
5021
5023
5039
6899
5051
6907
6911
5059
6917
5077
5081
6947
5087
Criando thread para intervalo 17000 - 17999
6949
5099
5101
6959
5107
6961
5113
6967
5119
6971
6977
6983
5147
6991
5153
6997
5167
5171
Criando thread para intervalo 18000 - 18999
5179
5189
5197
5209
7001
5227
5231
5233
5237
5261
5273
5279
5281
5297
5303
Criando thread para intervalo 19000 - 19999
5309
5323
2557
5333
5347
5351
5381
5387
5393
5399
5407
5413
5417
5419
5431
5437
5441
5443
5449
5471
5477
5479
5483
5501
7013
5503
7019
7027
7039
7043
2579
7057
2591
2593
7069
2609
7079
2617
4159
2621
7103
2633
7109
4177
7121
2647
2657
7127
2659
7129
4201
2663
7151
4211
2671
2677
7159
4217
2683
4219
2687
2689
4229
7177
2693
4231
7187
7193
4241
4243
4253
7207
4259
4261
7211
4271
8009
7213
8011
7219
8017
7229
7237
8039
7243
7247
2699
8053
7253
2707
8059
2711
2713
8069
7283
8081
7297
8087
8089
7307
8093
7309
7321
8101
7331
2719
7333
2729
2731
2741
7349
7351
2749
2753
2767
7369
2777
2789
2791
2797
7393
2801
7411
2803
7417
2819
7433
2833
2837
2843
7451
2851
2857
7457
2861
7459
2879
2887
7477
2897
9001
7481
2903
9007
2909
7487
2917
7489
9011
2927
7499
9013
2939
7507
2953
2957
7517
9029
2963
2969
9041
7523
2971
9043
7529
7537
2999
9049
7541
9059
7547
9067
7549
7559
7561
9091
7573
9103
7577
9109
7583
7589
9127
7591
9133
9137
7603
7607
9151
7621
9157
9161
7639
7643
9173
7649
9181
7669
9187
7673
9199
7681
9203
7687
9209
7691
7699
9221
7703
9227
7717
9239
7723
9241
7727
9257
7741
9277
7753
9281
7757
9283
7759
9293
7789
7793
9311
9319
7817
9323
7823
9337
7829
9341
9343
7841
18013
7853
7867
7873
10007
7877
10009
7879
18041
18043
18047
10037
18049
10039
18059
10061
18061
10067
10069
18077
10079
10091
18089
10093
10099
18097
10103
10111
18119
18121
10133
18127
10139
10141
18131
18133
10151
18143
10159
10163
18149
10169
10177
18169
10181
18181
10193
18191
18199
10211
10223
18211
10243
18217
10247
18223
10253
18229
10259
18233
10267
10271
10273
18251
10289
10301
10303
10313
4273
10321
4283
10331
4289
10333
4297
10337
10343
4327
18253
10357
4337
4339
10369
4349
4357
4363
10391
4373
10399
4391
4397
10427
4409
10429
4421
10433
3329
4423
3331
10453
3343
4441
10457
3347
4447
10459
3359
4451
10463
3361
3371
4457
3373
10477
4463
3389
10487
3391
4481
4483
10499
3407
10501
4493
3413
4507
10513
3433
4513
4517
3449
10529
4519
3457
4523
10531
3461
3463
3467
4547
3469
4549
10559
3491
4561
3499
4567
10567
3511
4583
3517
4591
3527
4597
10589
3529
4603
3533
10597
3539
3541
4621
10601
3547
3557
4637
3559
10607
4639
4643
3571
4649
10613
3581
4651
3583
4657
10627
3593
10631
4663
3607
10639
3613
4673
3617
4679
3623
10651
3631
4691
3637
10657
3643
10663
4703
3659
10667
3671
4721
3673
4723
3677
10687
4729
3691
4733
10691
3697
3701
3709
4751
10709
3719
10711
4759
3727
3733
10723
4783
3739
4787
10729
4789
3761
10733
4793
3767
4799
10739
3769
4801
3779
10753
4813
3793
4817
10771
4831
10781
10789
4861
10799
4871
4877
4889
10831
4903
4909
10837
4919
10847
4931
4933
10853
4937
10859
4943
10861
4951
10867
4957
4967
4969
10883
4973
10889
4987
10891
4993
4999
10903
10909
10937
10939
5507
10949
5519
5521
10957
5527
5531
10973
10979
5557
5563
10987
5569
10993
5573
5581
5591
14009
5623
14011
5639
5641
5647
14029
5651
14033
5653
5657
5659
14051
5669
14057
5683
5689
14071
5693
14081
5701
14083
5711
14087
5717
5737
14107
5741
5743
5749
5779
14143
5783
14149
5791
14153
5801
5807
14159
5813
14173
5821
14177
5827
5839
14197
5843
5849
14207
5851
5857
5861
14221
5867
5869
5879
14243
5881
14249
5897
14251
5903
5923
14281
5927
5939
5953
18257
18269
5981
5987
13001
13003
13007
13009
13033
18287
13037
13043
13049
13063
13093
18289
13099
13103
7883
18301
13109
7901
18307
13121
7907
18311
13127
7919
18313
13147
7927
18329
7933
13151
18341
7937
13159
7949
13163
7951
13171
7963
13177
13183
13187
7993
18353
18367
18371
13217
13219
18379
13229
18397
13241
18401
13249
13259
18413
11003
13267
18427
18433
13291
11027
18439
13297
18443
11047
13309
18451
13313
11057
18457
11059
13327
18461
11069
13331
11071
13337
18481
11083
13339
18493
11087
11093
13367
18503
11113
13381
11117
18517
11119
18521
13397
18523
13399
11131
13411
11149
18539
13417
18541
13421
11159
11161
18553
11171
13441
11173
13451
11177
18583
13457
18587
13463
11197
18593
13469
11213
13477
18617
13487
11239
18637
11243
13499
11251
11257
13513
18661
11261
13523
18671
11273
13537
18679
11279
18691
11287
13553
18701
11299
13567
18713
13577
11311
18719
11317
11321
13591
18731
13597
11329
18743
11351
13613
18749
11353
13619
18757
13627
11369
13633
18773
11383
13649
11393
18787
13669
11399
18793
13679
11411
18797
13681
18803
13687
11423
13691
11437
13693
11443
18839
13697
11447
13709
13711
11467
18859
13721
11471
18869
13723
11483
13729
11489
11491
18899
13751
11497
13757
11503
18911
13759
18913
13763
18917
11519
18919
11527
13781
13789
11549
18947
13799
11551
18959
13807
11579
13829
18973
11587
18979
13831
11593
13841
11597
11617
13859
11621
15013
13873
15017
11633
13877
13879
15031
13883
11657
15053
13901
15061
11677
13903
11681
13907
13913
13921
15073
11689
15077
15083
9349
15091
9371
9377
15101
15107
9391
15121
9397
9403
15131
15137
9413
15139
9419
15149
14293
15161
14303
15173
14321
14323
15187
14327
15193
14341
3797
15199
Criando thread para intervalo 20000 - 20999
3803
15217
3821
3823
14347
3833
15227
3847
3851
15233
3853
14369
3863
15241
3877
14387
3881
15259
14389
3889
15263
14401
3907
15269
3911
14407
15271
3917
3919
15277
3923
3929
15287
3931
15289
3943
3947
15299
15307
3967
15313
16001
3989
15319
16007
15329
15331
Criando thread para intervalo 21000 - 21999
16033
9421
15349
9431
15359
16057
15361
16061
17011
15373
16063
15377
17021
16067
9433
15383
16069
17027
9437
15391
16073
9439
17029
9461
16087
17033
9463
15401
16091
9467
17041
16097
9473
15413
17047
9479
15427
16103
16111
15439
15443
16127
15451
15461
16139
15467
16141
15473
17053
Criando thread para intervalo 22000 - 22999
15493
15497
17077
16183
17093
16187
15511
16189
17099
16193
17107
15527
Criando thread para intervalo 23000 - 23999
15541
17117
16217
15551
16223
17123
16229
16231
15559
17137
15569
Criando thread para intervalo 24000 - 24999
16249
17159
15581
16253
17167
15583
16267
15601
16273
17183
15607
17189
Criando thread para intervalo 25000 - 25999
17191
15619
16301
15629
17203
16319
15641
15643
16333
15647
16339
15649
16349
15661
Criando thread para intervalo 26000 - 26999
15667
16361
15671
16363
15679
16369
15683
16381
15727
16411
Criando thread para intervalo 27000 - 27999
15731
16417
15733
16421
15737
15739
16427
15749
16433
15761
16447
15767
Criando thread para intervalo 28000 - 28999
16451
15773
16453
15787
15791
15797
16477
15803
16481
15809
Criando thread para intervalo 29000 - 29999
16487
15817
16493
15823
16519
16529
15859
Criando thread para intervalo 30000 - 30999
15877
16547
15881
16553
15887
15889
16561
16567
15901
15907
16573
15913
Criando thread para intervalo 31000 - 31999
15919
15923
16603
16607
15937
16619
16631
15959
16633
15971
Criando thread para intervalo 32000 - 32999
15973
16649
15991
16651
16657
16661
Criando thread para intervalo 33000 - 33999
16673
14411
16691
16693
16699
8111
16703
8117
8123
14419
16729
14423
8147
16741
14431
16747
14437
8161
8167
14447
16759
8171
14449
8179
16763
8191
14461
8209
16787
8219
14479
8221
14489
8231
8233
16811
14503
8237
8243
16823
14519
16829
8263
14533
16831
8269
8273
14537
8287
16843
14543
8291
8293
14549
8297
14551
16871
8311
14557
8317
16879
14561
8329
14563
16883
8353
16889
8363
14591
8369
16901
14593
8377
16903
8387
14621
16921
8389
14627
16927
14629
16931
14633
8419
16937
14639
8423
16943
8429
8431
14653
16963
8443
14657
8447
16979
8461
14669
16981
8467
16987
14683
16993
8501
14699
8513
14713
8521
14717
8527
14723
8537
8539
14731
8543
29009
14737
14741
8563
29017
8573
14747
29021
8581
14753
29023
8597
14759
8599
29027
8609
14767
29033
14771
8623
14779
8627
8629
14783
14797
8641
8647
14813
8663
14821
8669
14827
8677
14831
8681
8689
14843
8693
14851
8699
8707
8713
14867
8719
14869
8731
8737
14879
8741
14887
8747
17207
14891
8753
17209
14897
8761
17231
8779
14923
17239
8783
14929
8803
17257
14939
8807
8819
14947
8821
14951
8831
17291
14957
8837
17293
8839
14969
17299
8849
14983
17317
8861
17321
8863
8867
17327
17333
8887
11699
8893
11701
11717
8923
11719
8929
11731
8933
8941
11743
8951
8963
8969
11777
8971
11779
11783
11789
8999
11801
11807
11813
11821
11827
11831
11833
11839
11863
11867
11887
11897
11903
11909
11923
11927
Criando thread para intervalo 34000 - 34999
11933
11939
11941
11953
11959
11969
12007
11971
12011
11981
11987
12037
12041
12043
12049
9491
12071
30011
12073
30013
30029
12097
12101
30047
12107
12109
12113
30059
12119
30071
12143
12149
30089
12157
12161
30091
12163
30097
30103
12197
30109
12203
30113
12211
30119
12227
12239
30133
12241
30137
12251
12253
30139
12263
12269
30161
12277
12281
30169
12289
12301
30181
30187
12323
30197
12329
12343
30203
12347
30211
30223
12373
12377
12379
12391
12401
12409
12413
12421
12433
12437
9497
12451
12457
9511
9521
12473
12479
9533
17341
12487
9539
17351
12491
9547
9551
12497
17359
12503
12511
17377
9587
12517
17383
12527
17387
9601
17389
9613
12539
9619
17393
17401
12541
17417
17419
12547
9623
12553
17431
9629
9631
12569
9643
17443
12577
9649
12583
17449
9661
12589
9677
17467
9679
12601
17471
9689
12611
9697
17477
12613
9719
17483
9721
12619
17489
9733
9739
17491
12637
9743
9749
12641
17497
9767
12647
9769
17509
12653
9781
12659
9787
17519
12671
9791
12689
9803
17539
12697
9811
9817
12703
17551
9829
9833
9839
12713
17569
9851
12721
17573
9857
17579
9859
12739
17581
12743
9871
9883
12757
17597
9887
12763
17599
9901
9907
17609
12781
9923
9929
12791
17623
9931
9941
17627
12799
9949
12809
9967
12821
9973
17657
12823
17659
12829
17669
12841
17681
17683
12853
17707
12889
17713
12893
12899
17729
32003
17737
12907
32009
12911
17747
12917
17749
32027
12919
12923
32029
17761
12941
17783
12953
32051
17789
12959
32057
17791
12967
32059
12973
17807
32063
12979
32069
12983
17827
32077
17837
32083
17839
32089
17851
32099
17863
17881
32117
17891
32119
17903
32141
17909
17911
32143
17921
32159
17923
Criando thread para intervalo 35000 - 35999
17929
32173
17939
32183
32189
17957
17959
32191
17971
32203
17977
32213
17981
17987
25013
17989
32233
32237
25031
13931
32251
25033
13933
32257
25037
32261
13963
25057
13967
32297
25073
13997
32299
25087
13999
32303
25097
32309
19001
25111
32321
25117
19009
32323
25121
19013
29059
25127
29063
19031
19037
29077
25147
32327
25153
19051
29101
32341
25163
19069
19073
29123
32353
19079
29129
32359
19081
19087
29131
32363
32369
29137
19121
32371
29147
32377
19139
19141
32381
29153
19157
29167
19163
29173
32401
19181
19183
32411
29179
32413
19207
29191
19211
32423
29201
19213
32429
29207
19219
29209
19231
32441
19237
32443
29221
19249
29231
19259
32467
19267
29243
19273
32479
29251
19289
32491
29269
19301
32497
29287
19309
32503
19319
29297
32507
19333
29303
32531
29311
32533
19373
32537
29327
32561
29333
32563
29339
32569
29347
32573
25169
32579
29363
25171
25183
32587
29383
25189
29387
32603
29389
32609
29399
32611
25219
29401
32621
25229
29411
25237
32633
25243
29423
25247
29429
32647
25253
29437
32653
25261
29443
29453
32687
32693
29473
19379
32707
29483
19381
32713
19387
29501
19391
32717
19403
32719
19417
29527
19421
29531
19423
32749
29537
19427
19429
32771
29567
19433
29569
19441
32779
29573
19447
32783
29581
19457
32789
29587
19463
32797
19469
19471
32801
29599
19477
32803
19483
29611
19489
32831
29629
19501
32833
29633
19507
32839
29641
32843
19531
19541
29663
32869
19543
29669
19553
29671
19559
32887
19571
29683
19577
32909
19583
29717
32911
19597
19603
32917
29723
19609
32933
29741
32939
32941
19661
29753
29759
32957
19681
29761
32969
19687
32971
19697
29789
19699
32983
19709
32987
29803
19717
32993
19727
29819
32999
29833
19739
29837
19751
29851
19753
29863
19759
29867
19763
29873
19777
29879
29881
19793
19801
31013
29917
19813
31019
29921
19819
29927
31033
31039
19841
19843
29947
31051
29959
19853
31063
19861
31069
19867
29983
31079
19889
29989
31081
19891
31091
19913
19919
19927
20011
20021
20023
19937
20029
19949
20047
31121
19961
20051
19963
31123
20063
19973
20071
19979
31139
19991
20089
19993
31147
19997
31151
20101
20107
31153
20113
31159
20117
20123
31177
20129
31181
20143
31183
20147
31189
20149
31193
20161
28001
31219
20173
20177
31223
28019
20183
31231
28027
31237
20201
28031
31247
20219
28051
31249
28057
31253
20231
28069
20233
31259
28081
20249
31267
28087
31271
20261
28097
31277
20269
28099
20287
28109
31307
20297
28111
28123
20323
31319
20327
31321
20333
28151
31327
20341
31333
20347
28163
31337
20353
28181
20357
28183
25301
20359
31357
25303
20369
25307
28201
25309
31379
20389
28211
25321
20393
31387
28219
25339
20399
31391
28229
25343
20407
31393
25349
20411
31397
25357
28277
25367
28279
25373
28283
28289
25391
28297
31469
28307
25409
31477
28309
25411
31481
28319
25423
31489
31511
25439
31513
28349
25447
31517
28351
25453
31531
25457
31541
25463
25469
31543
25471
31547
31567
30241
25523
31573
30253
25537
31583
25541
30259
31601
25561
30269
31607
30271
25577
33013
25579
31627
30293
25583
33023
25589
33029
31643
30307
33037
31649
25601
30313
25603
31657
30319
33049
25609
31663
30323
33053
25621
31667
30341
25633
33071
30347
31687
28387
25639
28393
31699
25643
28403
31721
25657
28409
31723
25667
28411
31727
25673
31729
25679
31741
28429
25693
31751
28433
25703
28439
31769
25717
31771
28447
25733
25741
31793
25747
31799
25759
31817
25763
25771
31847
31849
33073
25793
31859
33083
25799
25801
31873
33091
31883
33107
25819
31891
33113
25841
31907
33119
25847
25849
33149
25867
31957
33151
25873
31963
33161
25889
31973
33179
25903
31981
33181
25913
31991
33191
25919
25931
33199
25933
33203
25939
33211
27011
25943
27017
25951
33223
25969
27031
27043
25981
33247
27059
25997
27061
25999
27067
27073
33287
27077
33289
23003
27091
23011
33301
27103
23017
33311
27107
23021
33317
27109
23027
23029
33329
27127
23039
33331
27143
23041
33343
23053
33347
23057
27179
33349
23059
27191
33353
23063
33359
23071
27197
23081
27211
33377
23087
23099
33391
23117
27239
27241
33403
23131
27253
33409
23143
27259
33413
23159
27271
33427
23167
27277
23173
27281
27283
33457
23189
27299
33461
23197
23201
33469
23203
27329
33479
23209
27337
33487
23227
33493
27361
23251
27367
33503
23269
33521
23279
27397
33529
23291
27407
23293
33533
27409
23297
33547
27427
23311
27431
33563
23321
27437
33569
23327
27449
33577
23333
27457
23339
33581
27479
33587
23357
27481
33589
23369
27487
33599
23371
27509
33601
27527
33613
27529
33617
23399
27539
33619
27541
23417
33623
27551
33629
23431
33637
23447
27581
33641
27583
23459
33647
23473
27611
27617
23497
33679
27631
23509
33703
23531
27647
33713
23537
27653
33721
23539
23549
27673
33739
23557
23561
33749
27689
23563
33751
27691
23567
27697
33757
23581
27701
26003
23593
23599
26017
23603
26021
27733
27737
26029
27739
27743
26041
27749
27751
27763
27767
27773
27779
27791
27793
27799
27803
23609
27809
27817
23623
27823
23627
27827
23629
23633
27847
27851
23663
23669
23671
23677
23687
23689
23719
23741
23743
23747
23753
23761
23767
23773
23789
23801
23813
23819
23827
23831
23833
23857
23869
23873
27883
34019
23879
27893
23887
34031
27901
Criando thread para intervalo 36000 - 36999
34033
27917
27919
34039
27941
27943
34057
27947
34061
27953
27961
Criando thread para intervalo 37000 - 37999
27967
27983
34123
27997
34127
Criando thread para intervalo 38000 - 38999
34129
34141
34147
34157
34159
Criando thread para intervalo 39000 - 39999
34171
34183
24001
34211
24007
34213
Criando thread para intervalo 40000 - 40999
24019
34217
24023
34231
24029
24043
34253
34259
24049
Criando thread para intervalo 41000 - 41999
34261
24061
34267
24071
34273
24077
34283
24083
Criando thread para intervalo 42000 - 42999
24091
34297
24097
34301
24103
34303
24107
34313
24109
34319
Criando thread para intervalo 43000 - 43999
24113
34327
24121
34337
24133
34351
24137
Criando thread para intervalo 44000 - 44999
34361
34367
24151
34369
24169
34381
24179
Criando thread para intervalo 45000 - 45999
24181
34403
24197
24203
34421
24223
Criando thread para intervalo 46000 - 46999
34429
24229
34439
24239
24247
34457
24251
Criando thread para intervalo 47000 - 47999
34469
34471
24281
34483
34487
Criando thread para intervalo 48000 - 48999
34499
34501
24317
34511
24329
34513
Criando thread para intervalo 49000 - 49999
34519
24337
24359
24371
24373
Criando thread para intervalo 50000 - 50999
24379
24391
24407
24413
24419
Criando thread para intervalo 51000 - 51999
24421
24439
24443
34537
34543
Criando thread para intervalo 52000 - 52999
24469
34549
24473
24481
24499
Criando thread para intervalo 53000 - 53999
34583
24509
34589
24517
34591
34603
24527
34607
Criando thread para intervalo 54000 - 54999
24533
34613
24547
24551
34631
34649
24571
Criando thread para intervalo 55000 - 55999
34651
34667
24593
34673
24611
34679
Criando thread para intervalo 56000 - 56999
34687
24623
34693
24631
34703
Criando thread para intervalo 57000 - 57999
24659
34721
24671
34729
24677
34739
24683
34747
Criando thread para intervalo 58000 - 58999
24691
34757
24697
34759
24709
34763
34781
24733
Criando thread para intervalo 59000 - 59999
34807
24749
34819
24763
24767
34841
Criando thread para intervalo 60000 - 60999
24781
34843
34847
24793
34849
24799
34871
24809
Criando thread para intervalo 61000 - 61999
50021
52009
50023
52021
52027
50033
Criando thread para intervalo 62000 - 62999
52051
50047
52057
50051
50053
52067
Criando thread para intervalo 63000 - 63999
52069
50069
52081
50077
52103
50087
Criando thread para intervalo 64000 - 64999
50093
52121
50101
52127
50111
Criando thread para intervalo 65000 - 65999
52147
26053
24821
24841
26083
Criando thread para intervalo 66000 - 66999
24847
26099
24851
26107
24859
26111
26113
Criando thread para intervalo 67000 - 67999
24877
26119
24889
26141
26153
24907
Criando thread para intervalo 68000 - 68999
26161
24917
24919
26171
24923
26177
26183
26189
24943
26203
Criando thread para intervalo 69000 - 69999
24953
26209
24967
24971
26227
24977
26237
Criando thread para intervalo 70000 - 70999
24979
26249
24989
26251
26261
26263
26267
Criando thread para intervalo 71000 - 71999
26293
26297
50119
26309
50123
26317
50129
26321
50131
26339
26347
26357
50147
26371
50153
26387
50159
26393
26399
26407
50177
26417
26423
26431
50207
26437
50221
26449
50227
26459
50231
26479
26489
26497
26501
26513
26539
26557
26561
26573
26591
26597
Criando thread para intervalo 72000 - 72999
26627
26633
26641
26647
26669
Criando thread para intervalo 73000 - 73999
26681
26683
26687
26693
26699
Criando thread para intervalo 74000 - 74999
26701
26711
26713
26717
26723
Criando thread para intervalo 75000 - 75999
26729
26731
26737
26759
26777
Criando thread para intervalo 76000 - 76999
26783
26801
35023
26813
Criando thread para intervalo 77000 - 77999
35027
26821
26833
35051
26839
26849
Criando thread para intervalo 78000 - 78999
51001
26861
26863
Criando thread para intervalo 79000 - 79999
26879
51031
26881
26891
51043
26893
51047
26903
Criando thread para intervalo 80000 - 80999
51059
26921
26927
51061
26947
Criando thread para intervalo 81000 - 81999
26951
51071
26953
26959
51109
26981
Criando thread para intervalo 82000 - 82999
26987
51131
26993
51133
51137
Criando thread para intervalo 83000 - 83999
51151
51157
51169
51193
23893
51197
23899
51199
23909
51203
23911
23917
Criando thread para intervalo 84000 - 84999
51217
23929
51229
23957
51239
23971
51241
Criando thread para intervalo 85000 - 85999
23977
23981
51257
23993
51263
Criando thread para intervalo 86000 - 86999
51283
51287
28463
51307
28477
51329
28493
51341
28499
51343
82003
51347
28513
82007
51349
28517
82009
51361
82013
82021
51383
82031
82037
51407
82039
51413
82051
51419
51421
82067
51427
51431
82073
51437
51439
51449
51461
82129
51473
82139
51479
82141
51481
51487
82153
51503
82163
51511
51517
82171
51521
82183
82189
51539
51551
82193
51563
82207
51577
51581
82217
82219
51593
51599
82223
51607
82231
51613
82237
51631
82241
51637
51647
82261
51659
82267
82279
51673
51679
82301
51683
82307
51691
51713
51719
51721
51749
51767
51769
82339
51787
82349
51797
82351
51803
82361
51817
82373
51827
82387
51829
82393
51839
82421
51853
51859
82457
51869
82463
51871
82469
51893
82471
51899
82483
51907
51913
82487
82493
51929
82499
51941
82507
51949
51971
51973
51977
51991
35053
35059
35069
35081
35083
35089
35099
35107
35111
35117
35129
35141
35149
35153
35159
35171
35201
35221
35227
35251
35257
35267
35279
35281
35291
35311
35317
74017
35323
35327
74021
35339
74027
35353
35363
74047
35381
74051
35393
35401
74071
35407
74077
35419
35423
74093
35437
74099
35447
74101
35449
35461
74131
35491
35507
74143
35509
74149
35521
35527
74159
35531
35533
74161
35537
74167
35543
74177
35569
35573
74189
35591
74197
35593
35597
74201
35603
74203
74209
35617
74219
74231
35671
35677
74257
74279
35729
74287
35731
74293
35747
74297
35753
35759
74311
35771
74317
35797
74323
35801
35803
35809
74353
35831
74357
35837
35839
74363
35851
74377
35863
74381
35869
74383
35879
35897
74411
35899
74413
35911
74419
35923
35933
74441
35951
74449
74453
35963
35969
74471
35977
35983
35993
74489
35999
74507
74509
53003
53017
74521
74527
53047
74531
53051
74551
53069
74561
53077
53087
74567
53089
74573
53093
53101
74587
53113
74597
53117
53129
28537
74609
28541
53147
74611
28547
53149
28549
74623
53161
28559
28571
53171
28573
74653
53173
28579
53189
28591
53197
28597
74687
28603
53201
54001
54011
28607
54013
28619
54037
28621
33767
28627
33769
28631
33773
Criando thread para intervalo 87000 - 87999
28643
33791
28649
33797
28657
28661
33809
28663
33811
28669
33827
33829
28687
28697
33851
59009
28703
33857
59011
28711
33863
59021
28723
33871
59023
28729
33889
59029
33893
28751
28753
33911
59051
28759
59053
28771
33923
59063
33931
28789
33937
28793
59069
33941
28807
59077
28813
33961
59083
28817
33967
59093
28837
33997
59107
28843
59113
28859
59119
28867
59123
54049
28871
59141
28879
54059
59149
28901
54083
59159
28909
54091
59167
28921
54101
28927
59183
28933
54121
59197
28949
54133
59207
28961
59209
54139
28979
59219
54151
59221
54163
59233
54167
34877
59239
54181
34883
59243
54193
34897
34913
54217
34919
60013
60017
34939
54251
34949
60029
34961
34963
54269
60037
34981
54277
60041
54287
60077
54293
60083
53231
54311
60089
53233
54319
60091
53239
54323
60101
54331
53267
60103
53269
60107
54347
53279
54361
53281
60127
54367
54371
60133
53299
54377
60139
53309
60149
54401
53323
60161
54403
53327
60167
54409
53353
54413
54419
53359
54421
53377
54437
53381
54443
54449
53401
54469
53407
53411
54493
54497
53419
54499
53437
54503
53441
54517
53453
54521
54539
60169
54541
53479
54547
60209
54559
60217
53503
54563
53507
60223
53527
54577
54581
60251
53549
54583
53551
60257
53569
60259
54601
60271
53591
54617
53593
60289
53597
54623
53609
54629
53611
54631
53617
53623
54647
53629
54667
53633
54673
53639
54679
53653
53657
54709
53681
54713
60293
53693
54721
53699
54727
60317
53717
53719
60331
54751
53731
60337
54767
60343
54773
53759
60353
54779
53773
54787
60373
53777
53783
54799
60383
53791
60397
54829
53813
54833
53819
60413
53831
54851
60427
53849
54869
53857
60443
53861
54877
60449
54881
53881
60457
53887
54907
53891
53897
54917
53899
54919
60493
53917
53923
60497
53927
54941
60509
54949
53939
60521
53951
54959
60527
54973
60539
53959
54979
53987
54983
53993
60589
60601
60607
60611
57037
60617
55001
57041
60623
57047
55009
60631
55021
57059
60637
60647
57073
55049
60649
57077
55051
57089
55057
60659
57097
55061
60661
57107
55073
60679
57119
55079
60689
57131
55103
57139
60703
55109
57143
60719
55117
57149
60727
57163
55127
60733
57173
60737
55147
57179
60757
55163
57191
60761
57193
55171
60763
57203
60773
30367
57221
60779
55201
57223
30389
55207
30391
60793
55213
57241
30403
55217
60811
57251
30427
55219
60821
57259
30431
55229
30449
55243
57269
60859
57271
55249
30467
60869
30469
57283
55259
57287
30491
60887
30493
57301
60889
30497
55291
30509
60899
55313
30517
60901
57329
55331
30529
60913
57331
55333
60917
30539
57347
55337
60919
57349
55339
30553
60923
55343
30557
60937
30559
57367
55351
30577
57373
60943
55373
30593
60953
57383
55381
60961
57389
55399
57397
30631
30637
55411
30643
57413
49003
30649
57427
49009
30661
55439
30671
49019
55441
30677
49031
57457
55457
30689
49033
57467
55469
30697
49037
30703
49043
30707
55487
30713
57487
49057
30727
57493
55501
57503
49069
55511
30757
49081
30763
55529
57527
30773
55541
49103
57529
30781
49109
55547
30803
49117
57557
30809
49121
30817
57559
49123
55579
30829
57571
55589
49139
30839
30841
55603
57587
49157
30851
55609
57593
30853
55619
49169
30859
57601
55621
49171
30869
49177
30871
55631
30881
57637
55633
49193
55639
57641
30893
49199
55661
57649
30911
49201
55663
57653
49207
55667
30931
49211
57667
30937
30941
49223
55673
57679
30949
55681
49253
57689
49261
30971
55691
57697
30977
49277
55697
57709
30983
49279
55711
57713
49297
55717
57719
49307
55721
57727
22003
55733
49331
57731
22013
49333
57737
22027
22031
49339
57751
22037
55763
22039
49363
22051
57773
55787
49367
22063
49369
22067
55793
57781
22073
55799
57787
22079
49391
57791
55807
22091
49393
22093
57793
55813
22109
49409
55817
57803
22111
49411
55819
22123
57809
49417
22129
55823
22133
57829
55829
49429
22147
22153
49433
55837
57839
22157
55843
22159
57847
49451
55849
22171
57853
49459
22189
57859
55871
49463
22193
57881
49477
55889
49481
57899
55897
22229
57901
49499
55901
22247
55903
22259
57917
49523
22271
57923
49529
22273
55921
22277
49531
57943
55927
22279
49537
22283
55931
57947
22291
49547
58013
83003
58027
49549
83009
58031
49559
75011
75013
83023
58043
75017
58049
49597
83047
75029
58057
83059
58061
75037
49603
58067
83063
75041
49613
58073
83071
49627
83077
49633
58099
49639
75079
83089
58109
75083
83093
58111
49663
49667
75109
58129
83101
49669
75133
49681
83117
58147
49697
58151
75149
49711
58153
83137
49727
58169
75161
58171
75167
83177
49739
75169
49741
58189
49747
58193
75181
49757
58199
75193
58207
83203
58211
49783
83207
75209
49787
58217
83219
75211
49789
58229
83221
75217
49801
58231
83227
49807
75223
58237
49811
83231
75227
58243
83233
49823
75239
83243
49831
58271
75253
49843
83257
75269
49853
83267
75277
49871
83269
58309
49877
75289
58313
83273
49891
58321
83299
75307
58337
49919
49921
83311
75323
49927
58363
75329
49937
58367
58369
83339
49939
75337
49943
58379
83341
75347
58391
83357
49957
75353
58393
58403
75367
49991
58411
83383
75377
49993
58417
83389
49999
75389
58427
75391
83399
58439
75401
52153
58441
83401
75403
52163
83407
75407
52177
58451
52181
58453
83417
52183
75431
58477
83423
52189
58481
52201
83431
75437
83437
52223
58511
83443
52237
75479
83449
52249
58537
52253
83459
75503
58543
52259
83471
75511
52267
58549
83477
75521
75527
52289
58567
83497
52291
58573
75533
52301
58579
75539
83537
52313
58601
75541
58603
83557
52321
75553
58613
83561
75557
83563
58631
75571
52361
52363
75577
83579
52369
75583
58657
83591
52379
58661
52387
83597
58679
75611
52391
58687
83609
75617
58693
83617
75619
58699
83621
52433
75629
58711
83639
75641
58727
52453
83641
58733
52457
75653
75659
58741
83653
58757
52489
75679
83663
58763
52501
75683
58771
52511
75689
83689
52517
58787
75703
83701
52529
58789
75707
75709
83717
52541
52543
83719
75721
58831
52553
75731
83737
52561
75743
52567
52571
83761
58889
52579
58897
75767
83773
52583
58901
75773
83777
58907
75781
52609
58909
83791
75787
58913
52627
75793
52631
58921
83813
52639
75797
58937
58943
52667
83833
75821
52673
83843
58963
58967
52691
75833
83857
52697
58979
83869
52709
58991
75853
83873
52711
58997
52721
75869
83891
52727
75883
43003
52733
83903
43013
52747
75913
83911
43019
52757
83921
43037
75931
52769
75937
83933
43049
43051
75941
52783
83939
43063
52807
43067
52813
75967
83969
43093
52817
75979
43103
52837
75983
43117
83983
75989
52859
43133
83987
75991
52861
20431
75997
43151
52879
20441
21001
52883
43159
20443
21011
52889
43177
21013
21017
43189
20477
21019
52901
20479
21023
43201
52903
20483
21031
43207
20507
21059
43223
20509
52919
21061
21067
20521
43237
52937
20533
21089
20543
21101
20549
52951
43261
21107
20551
52957
21121
43271
20563
21139
52963
21143
43283
52967
20593
21149
21157
20599
52973
43291
21163
20611
52981
21169
43313
20627
21179
43319
20639
52999
21187
20641
43321
21191
21193
43331
20663
44017
21211
20681
21221
44021
20693
21227
44027
20707
44029
21247
43391
43397
20717
44041
21269
20719
43399
44053
21277
20731
43403
44059
21283
20743
43411
20747
20749
44071
21313
20753
43427
21317
44087
21319
20759
44089
21323
20771
43441
20773
44101
43451
21341
20789
44111
43457
21347
20807
43481
20809
44119
21377
43487
44123
21379
21383
44129
43499
20849
21391
44131
20857
21397
21401
43517
20873
21407
20879
44159
20887
21419
43541
44171
20897
43543
21433
20899
44179
20903
43573
21467
44189
20921
43577
20929
21481
43579
20939
44201
21487
20947
43591
44203
21491
20959
43597
21493
44207
20963
21499
43607
44221
20981
21503
43609
20983
43613
21517
44249
21521
22303
44257
21523
43627
22307
21529
44263
43633
44267
21557
43649
44269
21559
22343
43651
21563
44273
22349
21569
44279
43661
21577
44281
22367
22369
43669
21587
44293
22381
21589
43691
21599
22391
21601
22397
21611
43711
22409
21613
44351
21617
43717
44357
22433
43721
22441
44371
21647
22447
21649
22453
44381
21661
43753
22469
44383
43759
22481
21673
22483
44389
21683
43777
21701
43781
22501
44417
21713
43783
22511
21727
43787
22531
44449
43789
21737
22541
21739
44453
43793
22543
21751
43801
22549
21757
22567
21767
44483
22571
21773
44491
22573
21787
44497
43853
21799
44501
21803
22613
43867
22619
44507
21817
22621
21821
43889
44519
22637
43891
22639
21839
22643
44531
21841
84011
21851
40009
84017
21859
40013
21863
46021
40031
21871
46027
40037
21881
84047
40039
46049
21893
84053
40063
46051
21911
84059
46061
21929
84061
40087
21937
46073
21943
84067
40093
46091
21961
40099
46093
84089
40111
21977
46099
46103
40123
21991
21997
40127
84121
40129
56003
84127
46133
56009
84131
40151
46141
40153
84137
46147
40163
46153
84143
56039
40169
56041
40177
84163
46171
40189
56053
46181
40193
84179
46183
56081
84181
46187
40213
56087
84191
46199
56093
40231
56099
40237
46219
84199
56101
40241
46229
56113
46237
84211
40253
56123
84221
56131
40277
84223
46261
40283
56149
46271
84229
40289
46273
46279
84239
56167
56171
46301
84247
40343
46307
56179
46309
84263
40351
56197
46327
40357
56207
40361
46337
56209
84299
46349
40387
84307
46351
56237
56239
84313
40423
56249
84317
40427
46381
84319
40429
56263
46399
40433
56267
84347
46411
56269
40459
84349
40471
46439
40483
46441
56299
40487
46447
84377
40493
56311
46451
40499
46457
84389
40507
84391
46471
56333
40519
46477
84401
40529
46489
40531
84407
46499
40543
46507
84421
46511
40559
84431
84437
46523
40577
84443
40583
46549
40591
84449
46559
40597
46567
84457
40609
46573
84463
40627
46589
84467
46591
40637
84481
46601
40639
84499
46619
81001
84503
46633
81013
84509
40693
46639
81017
40697
46643
81019
40699
84521
46649
40709
81023
84523
46663
81031
46679
46681
40739
81041
46687
81043
46691
40751
81047
46703
40759
81049
40763
46723
40771
46727
81071
40787
40801
81077
40813
81083
40819
40823
40829
81097
40841
81101
22651
40847
81119
40849
81131
40853
40867
81157
40879
46747
40883
46751
81163
40897
40903
81173
81181
40927
46757
40933
81197
46769
40939
81199
46771
40949
81203
40961
46807
40973
46811
81223
46817
81233
46819
81239
46829
46831
46853
46861
81281
46867
81283
46877
81293
46889
81299
46901
81307
46919
46933
81331
46957
81343
81349
81353
46993
46997
81359
81371
45007
81373
45013
81401
45053
81409
45061
40993
45077
81421
45083
81439
50261
50263
81457
45119
50273
45121
81463
50287
45127
50291
45131
45137
50311
45139
50321
81509
45161
50329
81517
50333
81527
45179
50341
45181
81533
50359
45191
50363
81547
45197
50377
81551
50383
81553
45233
50387
81559
45247
50411
81563
50417
45259
81569
45263
50423
45281
45289
50441
81611
45293
81619
50459
45307
50461
81629
45317
81637
50497
45319
50503
81647
45329
50513
45337
81649
50527
45341
45343
50539
81667
50543
81671
50549
45361
81677
50551
45377
81689
45389
50581
81701
50587
45403
50591
81703
45413
50593
81707
45427
50599
45433
81727
45439
50627
81737
81749
45481
50647
45491
81761
45497
50651
81769
81773
45503
50671
45523
50683
45533
81799
45541
45553
50707
81817
45557
45569
81839
50723
45587
81847
50741
45589
81853
50753
45599
81869
45613
50767
81883
45631
50773
45641
50777
81899
81901
50789
45659
45667
81919
45673
81929
50821
45677
81931
50833
45691
81937
50839
45697
81943
45707
50849
81953
45737
50857
81967
45751
81971
50867
45757
81973
50873
45763
45767
50891
45779
48017
50893
48023
45817
50909
48029
45821
45823
50923
48049
45827
45833
50929
48073
45841
50951
48079
45853
50957
48091
48109
50969
48119
50971
48121
48131
50989
50993
45863
45869
48157
45887
48163
45893
48179
41011
48187
41017
48193
41023
48197
45943
41039
45949
41047
45953
48221
41051
45959
41057
48239
45971
48247
41077
45979
41081
48259
45989
48271
41113
41117
48281
41131
59263
41141
48299
41143
48311
41149
48313
41161
48337
41177
48341
41179
41183
48353
41189
48371
41201
41203
48383
41213
48397
41221
48407
41227
48409
41231
48413
41233
41243
48437
41257
41263
48449
41269
48463
41281
48473
48479
48481
41299
48487
48491
22669
48497
41333
22679
22691
41341
22697
48523
22699
41351
48527
22709
41357
48533
22717
48539
22721
41381
48541
22727
41387
22739
41389
48563
22741
41399
48571
22751
41411
48589
22769
41413
22777
48593
22783
22787
41443
48611
59273
22807
41453
59281
22811
48619
41467
22817
48623
41479
22853
48647
41491
22859
48649
22861
59333
41507
22871
48661
59341
41513
22877
48673
41519
59351
48677
41521
22901
59357
48679
22907
59359
41539
22921
59369
41543
59377
22937
41549
22943
48731
59387
48733
22961
59393
22963
41579
59399
48751
22973
41593
61001
56359
68023
41597
61007
68041
41603
56369
41609
68053
56377
61027
41611
68059
56383
61031
41617
41621
68071
56393
61043
41627
56401
68087
61051
41641
56417
61057
41647
68099
41651
56431
68111
41659
56437
68113
41669
56443
61091
41681
56453
68141
41687
56467
61099
68147
56473
61121
68161
41719
56477
61129
68171
41729
56479
41737
61141
56489
56501
61151
68207
41759
56503
61153
41761
56509
68209
61169
41771
56519
68213
41777
56527
68219
41801
56531
68227
61211
56533
41809
68239
41813
56543
61223
61231
68261
41843
41849
56569
61253
41851
61261
68279
56591
41863
68281
56597
41879
56599
61283
41887
56611
68311
41893
61291
56629
68329
41897
61297
56633
41903
68351
41911
61331
56659
41927
61333
56663
68371
41941
61339
56671
41947
68389
61343
56681
41953
68399
56687
61357
41957
41959
61363
56701
41969
68437
56711
61379
41981
56713
61381
68443
41983
68447
61403
56731
41999
68449
61409
56737
61417
68473
56747
68477
38011
61441
56767
68483
61463
38039
56773
68489
61469
56779
38047
68491
61471
56783
38053
68501
61483
68507
61487
56807
38069
56809
61493
68521
38083
56813
68531
61507
56821
38113
68539
61511
56827
38119
68543
56843
61519
38149
68567
38153
56857
61543
38167
68581
61547
56873
38177
61553
38183
68597
56891
38189
61559
56893
61561
68611
56897
38197
38201
56909
61583
56911
38219
68633
56921
38231
68639
61603
56923
38237
61609
68659
56929
38239
61613
68669
56941
61627
38261
56951
61631
68683
56957
38273
61637
68687
56963
38281
61643
38287
61651
68699
56983
61657
38299
56989
68711
38303
56993
61667
38317
68713
56999
38321
61673
68729
38327
47017
61681
38329
68737
38333
61687
68743
47041
38351
68749
61703
47051
38371
61717
38377
47057
68767
61723
47059
68771
38393
61729
68777
61751
47087
68791
61757
47093
38431
38447
47111
68813
38449
47119
38453
68819
47123
61781
38459
68821
47129
38461
47137
61813
47143
68863
61819
47147
38501
68879
47149
61837
68881
47161
61843
68891
38543
47189
68897
38557
61861
68899
38561
47207
61871
38567
68903
38569
47221
61879
68909
68917
38593
47237
61909
38603
47251
68927
38609
61927
38611
68947
61933
47269
38629
68963
38639
47279
61949
38651
47287
38653
61961
47293
68993
47297
38669
61967
38671
47303
61979
38677
47309
69001
61981
47317
38693
61987
69011
38699
47339
61991
38707
69019
38711
47351
69029
59407
38713
47353
69031
38723
47363
59417
38729
59419
47381
38737
69061
47387
38747
69067
59441
47389
38749
59443
69073
38767
59447
47407
47417
59453
69109
38783
47419
69119
38791
59467
47431
38803
69127
59471
47441
59473
47459
38821
69143
59497
38833
69149
38839
59509
47491
69151
38851
47497
59513
69163
47501
38861
38867
47507
59539
38873
69191
47513
59557
47521
69193
38891
59561
47527
69197
59567
38903
47533
69203
59581
38917
47543
69221
38921
38923
59611
47563
69233
38933
59617
47569
69239
38953
59621
47581
69247
38959
59627
47591
69257
38971
59629
47599
69259
38977
59651
69263
47609
38993
59659
47623
59663
43913
47629
59669
69313
47639
59671
69317
43933
47653
59693
43943
47657
59699
47659
69337
43951
69341
47681
59707
43961
43963
43969
47699
59723
43973
47701
59729
69371
43987
47711
59743
43991
47713
69379
59747
47717
43997
69383
59753
69389
47737
47741
69401
59771
47743
69403
69427
47777
47779
69431
69439
69457
69463
69467
69473
47791
47797
69481
47807
69491
47809
44533
69493
85009
44537
69497
47819
44543
69499
85021
47837
44549
47843
85027
44563
69539
44579
85037
47857
44587
47869
69557
85049
47881
44617
85061
44621
44623
69593
47903
44633
47911
44641
47917
44647
85081
69623
44651
47933
85087
44657
47939
85091
44683
69653
85093
47947
44687
47951
69661
85103
44699
69677
44701
85109
47963
44711
47969
85121
47977
69691
85133
44729
47981
69697
44741
85147
69709
44753
85159
42013
44771
69737
42017
44773
85193
42019
69739
44777
42023
85199
44789
85201
69761
42043
44797
69763
44809
42061
85213
69767
44819
42071
85223
69779
42073
85229
42083
44839
42089
44843
85237
42101
69809
44851
85243
69821
85247
44867
42131
69827
44879
42139
85259
69829
44887
69833
42157
44893
42169
44909
69847
85297
44917
69857
42179
42181
69859
85303
44927
42187
85313
42193
44939
69877
42197
85331
44953
42209
69899
44959
85333
42221
85361
42223
85363
42227
85369
70001
42239
70003
85381
42257
70009
42281
57973
70019
42283
85411
42293
57977
42299
70039
42307
85427
57991
70051
85429
42323
82529
70061
42331
85439
82531
42337
70067
85447
42349
70079
85451
42359
82549
85453
42373
82559
42379
70099
82561
85469
42391
70111
82567
42397
70117
85487
82571
42403
70121
42407
70123
42409
82591
70139
85513
42433
70141
85517
82601
42437
85523
82609
70157
42443
82613
70163
42451
85531
42457
82619
70177
42461
70181
85549
82633
42463
70183
42467
82651
70199
85571
42473
70201
82657
85577
42487
70207
42491
85597
42499
70223
85601
82699
42509
70229
85607
70237
42533
85619
70241
82721
85621
42557
82723
70249
85627
42569
82727
42571
85639
82729
70271
42577
85643
42589
82757
70289
85661
82759
70297
85667
42611
82763
85669
70309
82781
42641
85691
70313
42643
82787
42649
70321
85703
82793
42667
70327
82799
85711
85717
42677
82811
70351
42683
82813
85733
42689
70373
42697
82837
70379
42701
85751
82847
70381
42703
42709
70393
42719
42727
85781
82883
70423
42737
82889
85793
70429
42743
82891
70439
42751
82903
85817
70451
42767
82913
85819
42773
70457
85829
70459
42787
85831
42793
70481
42797
85837
70487
82939
85843
70489
42821
85847
82963
70501
42829
42839
70507
85853
42841
82981
42853
42859
59779
70529
85889
42863
85903
70537
59791
59797
70549
42899
85909
42901
59809
70571
70573
85931
42923
59833
85933
70583
42929
70589
42937
59863
42943
59879
42953
70607
85991
42961
59887
42967
85999
70619
42979
70621
70627
42989
59921
70639
59929
48757
70657
48761
70663
48767
59951
70667
48779
59957
70687
48781
48787
59971
70709
59981
48799
70717
62003
48809
48817
62011
70729
59999
48821
62017
48823
44963
62039
48847
44971
70753
62047
48857
44983
62053
48859
44987
70769
62057
48869
70783
48871
62071
70793
48883
62081
63029
48889
63031
70823
62099
48907
63059
70841
62119
63067
70843
62129
63073
70849
48947
62131
70853
48953
63079
62137
62141
70867
48973
63097
62143
70877
48989
63103
70879
48991
62171
63113
70891
74699
62189
70901
63127
62191
74707
63131
70913
74713
62201
70919
74717
62207
63149
70921
62213
74719
62219
70937
74729
63179
62233
74731
70949
70951
74747
63197
70957
62273
63199
74759
70969
74761
63211
70979
62297
74771
70981
62299
70991
74779
62303
63241
70997
62311
63247
74797
70999
62323
62327
63277
74821
63281
74827
62347
63299
74831
62351
66029
63311
74843
66037
63313
62383
74857
66041
63317
74861
63331
62401
66047
74869
63337
74873
62417
63347
66067
62423
63353
66071
63361
66083
63367
66089
62459
63377
62467
66103
63389
66107
62473
63391
66109
62477
63397
62483
63409
66137
62497
63419
62501
63421
66161
62507
66169
63439
66173
63443
62533
66179
62539
63463
66191
62549
63467
63473
62563
63487
66221
62581
63493
62591
63499
66239
62597
62603
63521
66271
63527
62617
63533
62627
63541
62633
66293
63559
62639
66301
63577
62653
63587
62659
66337
63589
66343
63599
66347
62683
63601
66359
62687
63607
66361
63611
62701
66373
63617
66377
62723
63629
66383
63647
62731
63649
62743
66403
66413
63659
62753
63667
62761
66431
63671
62773
66449
63689
63691
62791
66457
62801
66463
66467
62819
66491
62827
66499
62851
66509
62861
66523
62869
66529
62873
66533
66541
66553
62897
62903
66569
62921
66571
62927
66587
62929
66593
62939
66601
66617
62969
62971
66629
62981
66643
62983
66653
62987
62989
66683
64007
66697
64013
66701
64019
66713
64033
66721
64037
66733
64063
66739
64067
66749
66751
64081
39019
64091
39023
66763
64109
39041
39043
66791
64123
39047
66797
64151
66809
39079
64153
39089
64157
66821
39097
39103
64171
66841
39107
64187
66851
39113
64189
66853
39119
66863
39133
64217
66877
39139
64223
66883
39157
64231
39161
66889
64237
39163
39181
39191
66919
64271
39199
66923
64279
66931
39209
64283
66943
39217
66947
39227
64301
66949
39229
39233
64303
66959
39239
39241
64319
39251
66973
64327
66977
64333
39293
39301
67003
39313
39317
64373
67021
39323
64381
67033
39341
64399
67043
39343
64403
67049
39359
39367
67057
64433
39371
67061
39373
64439
39383
64451
67073
39397
64453
67079
39409
64483
39419
67103
64489
39439
67121
64499
39443
67129
39451
67139
64513
39461
67141
67153
39499
67157
76001
76003
67169
67181
76031
39503
67187
76039
39509
67189
39511
39521
67211
76079
67213
39541
76081
67217
39551
76091
67219
39563
76099
39569
67231
76103
39581
67247
39607
76123
67261
39619
39623
76129
67271
39631
67273
76147
39659
67289
39667
76157
39671
67307
76159
39679
76163
39703
67339
39709
67343
67349
39719
76207
39727
76213
67369
39733
39749
76231
67391
76243
67399
76249
67409
67411
76253
67421
76259
76261
67427
67429
67433
76283
39761
76289
67447
39769
67453
76303
39779
67477
39791
67481
76333
39799
67489
39821
76343
67493
39827
67499
39829
76367
67511
39839
76369
39841
76379
39847
39857
76387
67523
39863
67531
39869
76403
67537
39877
67547
39883
76421
39887
67559
76423
39901
67567
76441
67577
67579
39929
76463
67589
39937
76471
39953
67601
76481
67607
76487
39971
67619
39979
76493
39983
67631
39989
76507
76511
67651
22993
76519
67679
76537
76541
67699
76543
67709
67723
67733
67741
67751
74887
74891
74897
74903
74923
74929
74933
71011
74941
71023
71039
74959
71059
55933
55949
55967
76561
55987
76579
55997
76597
76603
37003
76607
37013
37019
37021
76631
37039
37049
76649
37057
76651
37061
76667
76673
37087
76679
37097
37117
37123
76697
76717
37139
37159
37171
37181
37189
37199
37201
37217
76733
72019
37223
76753
72031
37243
76757
72043
37253
72047
76771
37273
76777
37277
72053
76781
37307
72073
37309
76801
72077
37313
72089
37321
76819
72091
76829
37337
72101
76831
37339
72103
76837
37357
72109
37361
76847
37363
37369
37379
76871
76873
37397
76883
37409
37423
76907
37441
76913
37447
76919
37463
37483
76943
37489
76949
37493
37501
76961
37507
76963
37511
37517
76991
37529
37537
37547
37549
37561
37567
79031
37571
79039
37573
37579
79043
37589
37591
79063
37607
37619
79087
37633
79103
37643
37649
79111
37657
37663
79133
79139
37691
79147
37693
79151
37699
79153
37717
79159
37747
79181
79187
79193
37781
37783
79201
37799
37811
37813
79229
79231
37831
79241
37847
79259
37853
37861
79273
37871
79279
37879
79283
37889
37897
79301
37907
79309
79319
37951
79333
37957
79337
37963
37967
79349
37987
79357
37991
79367
37993
37997
79379
64553
72139
79393
64567
72161
79397
64577
72167
79399
64579
72169
64591
72173
79411
64601
79423
64609
79427
64613
72211
79433
64621
64627
72221
79451
64633
72223
72227
72229
79481
64661
72251
64663
79493
72253
64667
64679
72269
64693
72271
79531
72277
79537
64709
72287
79549
64717
72307
79559
79561
64747
72313
64763
79579
72337
65003
72341
79589
65011
64781
79601
72353
65027
64783
79609
65029
64793
79613
65033
72367
79621
64811
72379
65053
64817
79627
72383
65063
79631
65071
79633
64849
72421
64853
65089
72431
79657
65099
64871
65101
79669
64877
65111
72461
64879
79687
65119
64891
79691
72467
65123
64901
79693
72469
65129
79697
72481
64919
65141
79699
64921
65147
72493
64927
65167
72497
64937
65171
79757
72503
65173
64951
79769
65179
72533
65183
64969
79777
72547
65203
72551
64997
79801
72559
65213
79811
72577
79813
65239
36007
79817
36011
36013
65257
79823
36017
72613
65267
79829
72617
65269
36037
79841
72623
65287
79843
36061
72643
79847
65293
36067
72647
36073
79861
65309
72649
79867
36083
72661
79873
65323
36097
72671
65327
79889
36107
72673
36109
79901
72679
36131
65353
72689
79903
36137
65357
79907
36151
72701
36161
65371
72707
65381
36187
72719
36191
79939
72727
65393
36209
79943
65407
36217
72733
79967
36229
65413
72739
36241
65419
79973
36251
72763
65423
79979
72767
36263
65437
36269
79987
65447
36277
72797
65449
79997
36293
79999
36299
72817
36307
65479
72823
36313
36319
36341
36343
82997
80021
72859
36353
72869
72871
65497
36373
80039
36383
72883
80051
36389
65519
72889
65521
72893
80071
65537
36433
65539
72901
80077
36451
65543
72907
36457
65551
72911
36467
65557
36469
72923
80107
36473
65563
36479
80111
72931
65579
36493
72937
36497
65581
72949
80141
65587
72953
80147
36523
65599
72959
36527
80149
36529
65609
80153
72973
36541
65617
72977
80167
36551
80173
36559
72997
65629
80177
36563
65633
36571
80191
65647
77003
36583
65651
80207
36587
77017
65657
36599
80209
77023
36607
65677
77029
80221
65687
36629
77041
80231
36637
65699
77047
36643
80233
65701
36653
80239
65707
36671
65713
71069
65717
71081
80251
65719
65729
71089
65731
80263
65761
80273
65777
71119
80279
65789
71129
65809
80287
71143
65827
65831
71147
80309
65837
71153
65839
80317
65843
71161
65851
80329
71167
65867
36677
80341
71171
65881
36683
80347
36691
65899
36697
80363
36709
71191
65921
36713
80369
65927
71209
36721
65929
80387
36739
71233
36749
65951
80407
36761
65957
36767
65963
36779
80429
36781
65981
36787
65983
80447
36791
36793
80449
36809
80471
36821
80473
36833
36847
80489
80491
36857
80513
36871
36877
80527
36887
63697
80537
36899
63703
36901
63709
36913
80557
63719
36919
36923
63727
36929
36931
63737
36943
63743
36947
63761
36973
63773
36979
63781
36997
63793
69911
63799
63803
69929
63809
69931
63823
69941
63839
69959
63841
63853
69991
63857
69997
63863
73009
63901
73013
63907
73019
63913
63929
73037
63949
73039
63977
73043
73061
63997
73063
73079
65993
73091
73121
73127
73133
73141
73181
73189
73237
73243
73259
73277
73291
73303
73309
73327
73331
73351
73361
73363
73369
73379
73387
73417
73421
73433
73453
73459
73471
73477
73483
73517
73523
73529
73547
73553
73561
73571
73583
73589
73597
73607
73609
73613
73637
73643
73651
73673
73679
73681
73693
73699
73709
73721
73727
73751
73757
73771
73783
73819
73823
73847
73849
73859
73867
73877
73883
73897
73907
73939
73943
73951
73961
73973
73999
80567
80599
80603
80611
80621
80627
80629
80651
80657
80669
80671
80677
80681
80683
80687
80701
80713
80737
80747
80749
80761
80777
80779
80783
80789
80803
80809
80819
80831
80833
80849
80863
80897
80909
80911
80917
80923
80929
80933
80953
80963
80989
77069
77081
77093
77101
77137
77141
77153
77167
77171
77191
77201
77213
77237
77239
77243
77249
77261
77263
77267
77269
77279
77291
77317
77323
77339
77347
77351
77359
77369
77377
77383
77417
77419
77431
77447
77471
77477
77479
77489
77491
77509
77513
77521
77527
77543
77549
77551
77557
77563
77569
77573
77587
77591
77611
77617
77621
77641
77647
77659
77681
77687
77689
78007
78017
86011
78031
86017
78041
86027
78049
86029
78059
86069
78079
86077
84533
78101
86083
84551
86111
84559
78121
86113
86117
78137
78139
84589
86131
78157
86137
78163
86143
84629
78167
84631
78173
86161
84649
78179
84653
86171
78191
84659
78193
86179
84673
86183
78203
84691
86197
84697
86201
78229
84701
78233
86209
84713
78241
84719
86239
78259
84731
86243
84737
78277
86249
78283
84751
86257
84761
78301
86263
78307
84787
78311
86269
84793
78317
86287
86291
84809
78341
84811
86293
78347
86297
84827
78367
86311
84857
86323
84859
84869
78401
86341
84871
86351
78427
86353
78437
84913
86357
78439
84919
86369
78467
86371
84947
86381
78479
84961
86389
84967
78487
86399
84977
78497
84979
86413
78509
84991
78511
86423
78517
86441
67757
78539
86453
67759
78541
67763
86461
78553
67777
86467
67783
86477
78569
67789
78571
67801
86491
78577
67807
86501
67819
78583
86509
67829
78593
67843
86531
78607
67853
86533
78623
67867
86539
78643
67883
86561
67891
78649
86573
67901
78653
86579
67927
86587
67931
78691
67933
86599
78697
67939
67943
78707
86627
67957
78713
86629
67961
67967
78721
67979
86677
78737
67987
86689
67993
86693
78779
78781
86711
78787
78791
86719
78797
86729
78803
86743
78809
86753
86767
86771
86783
86813
86837
86843
86851
86857
86861
86869
86923
Criando thread para intervalo 88000 - 88999
86927
86929
86939
86951
86959
86969
86981
86993
77699
77711
77713
77719
77723
77731
71237
77743
77747
71249
77761
71257
71261
77773
71263
77783
77797
71287
77801
71293
77813
71317
71327
77839
71329
71333
77849
71339
77863
71341
77867
71347
71353
77893
71359
77899
71363
77929
71387
77933
71389
71399
77951
71411
77969
71413
71419
77977
71429
77983
71437
77999
71443
71453
71471
78823
71473
78839
71479
71483
78853
78857
71503
78877
71527
78887
78889
71537
78893
71549
71551
78901
71563
78919
71569
78929
71593
78941
71597
71633
78977
71647
78979
78989
71663
71671
71693
71699
71707
71711
71713
71719
71741
71761
71777
71789
71807
71809
71821
71837
71843
71849
71861
71867
71879
71881
71887
71899
71909
71917
71933
71941
71947
71963
71971
71983
71987
71993
71999
87011
87013
87037
87041
87049
87071
87083
87103
87107
87119
87121
87133
87149
87151
87179
87181
87187
87211
87221
87223
87251
87253
87257
87277
87281
87293
87299
87313
87317
87323
87337
87359
87383
87403
87407
87421
87427
87433
87443
87473
87481
87491
87509
87511
87517
87523
87539
87541
87547
87553
87557
87559
87583
87587
87589
87613
87623
87629
87631
87641
87643
87649
87671
87679
87683
87691
87697
87701
87719
87721
87739
87743
87751
87767
87793
87797
87803
87811
87833
87853
87869
87877
87881
87887
87911
87917
87931
87943
87959
87961
87973
87977
87991
Criando thread para intervalo 89000 - 89999
88001
88003
88007
Criando thread para intervalo 90000 - 90999
88019
Criando thread para intervalo 91000 - 91999
89003
89009
89017
89021
Criando thread para intervalo 92000 - 92999
88037
89041
89051
Criando thread para intervalo 93000 - 93999
89057
88069
88079
89069
89071
88093
Criando thread para intervalo 94000 - 94999
88117
89083
88129
89087
Criando thread para intervalo 95000 - 95999
89101
89107
88169
89113
88177
Criando thread para intervalo 96000 - 96999
89119
89123
89137
Criando thread para intervalo 97000 - 97999
88211
88223
89153
88237
Criando thread para intervalo 98000 - 98999
88241
89189
88259
Criando thread para intervalo 99000 - 99999
88261
89203
89209
89213
89227
89231
88289
88301
88321
88327
88337
98009
88339
98011
98017
88379
98041
98047
88397
98057
89237
88411
98081
88423
89261
89269
88427
98101
89273
98123
89293
98129
89303
88463
98143
89317
88469
88471
89329
98179
88493
88499
89363
98207
89371
98213
88513
89381
98221
88523
89387
98227
89393
88547
98251
89399
98257
89413
89417
98269
88589
89431
88591
98297
89443
98299
89449
88607
89459
88609
98317
98321
89477
98323
98327
89491
88643
89501
98347
88651
89513
88657
98369
89519
98377
88661
89521
89527
88663
98387
89533
88667
98389
88681
98407
89561
98411
89563
98419
88721
89567
88729
98429
89591
88741
89597
88747
98443
89599
98453
89603
88771
98459
89611
88789
98467
89627
88793
98473
89633
88799
98479
88801
89653
88807
98491
89657
88811
89659
98507
88813
89669
98519
88817
89671
88819
98533
89681
89689
98543
88843
88853
98561
88861
98563
88867
98573
89753
88873
89759
88883
89767
98597
88897
89779
98621
88903
89783
98627
88919
89797
98639
89809
88937
98641
89819
88951
98663
89821
88969
98669
89833
89839
98689
88993
89849
88997
89867
98711
98713
89891
98717
89897
89899
98729
89909
98731
98737
89917
89923
89939
98773
98779
89959
99013
89963
99017
89977
98801
99023
89983
98807
89989
98809
99041
98837
99053
98849
99079
99083
98867
99089
98869
99103
98873
99109
98887
99119
98893
92003
99131
98897
92009
99133
98899
99137
92033
98909
99139
98911
92041
99149
98927
92051
99173
98929
92077
99181
98939
92083
99191
98947
92107
98953
92111
98963
92119
98981
98993
92143
98999
92153
92173
92177
92179
97001
92189
97003
92203
99223
97007
92219
99233
97021
92221
99241
97039
92227
99251
92233
97073
92237
92243
97081
92251
99257
97103
92269
99259
97117
99277
92297
97127
99289
92311
97151
92317
97157
99317
97159
92333
99347
97169
92347
99349
97171
92353
97177
99367
92357
99371
97187
92363
96001
99377
92369
97213
96013
99391
92377
96017
99397
92381
97231
99401
92383
97241
92387
99409
96043
97259
92399
99431
96053
92401
96059
97283
99439
92413
92419
96079
92431
97301
97303
99469
96097
92459
99487
92461
97327
99497
92467
96137
92479
99523
97367
92489
99527
96149
97369
99529
96157
97373
92503
99551
96167
97379
92507
97381
96179
99559
96181
97387
99563
92551
97397
99571
92557
96199
99577
96211
92567
99581
96221
92569
97423
96223
97429
92581
99607
96233
92593
99611
97441
97453
99623
92623
96259
97459
92627
99643
96263
97463
96269
92639
92641
96281
99661
97499
92647
99667
96289
97501
92657
96293
99679
92669
97511
92671
96323
99689
97523
92681
96329
92683
97547
96331
99707
97549
96337
92693
99709
97553
99713
92699
96353
99719
97561
92707
99721
96377
97571
92717
99733
97577
92723
96401
97579
99761
92737
97583
99767
96419
97607
92753
99787
97609
92761
96431
99793
97613
92767
96443
99809
92779
96451
99817
92789
96457
92791
97649
96461
99823
97651
96469
92801
99829
96479
99833
92809
97673
96487
99839
92821
97687
96493
99859
92831
96497
99871
96517
99877
97711
92849
99881
92857
97729
96527
95003
92861
95009
97771
96553
95021
92863
97777
96557
92867
95027
97787
97789
95063
96581
92893
95071
92899
96587
97813
95083
96589
92921
95087
96601
92927
95089
95093
92941
92951
95101
96643
92957
95107
92959
95111
96661
96667
92987
96671
92993
95131
96697
96703
93001
96731
97829
96737
99901
96739
97841
99907
97843
96749
93047
97847
99923
93053
96757
97849
99929
93059
96763
97859
96769
93077
97861
96779
99961
93083
97871
96787
99971
93089
97879
96797
93097
97883
99989
96799
99991
93103
96821
93113
97919
96823
93131
96827
97927
93133
97931
93139
96847
94007
97943
96851
93151
94009
96857
97961
93169
97967
93179
94033
96893
93187
96907
97973
93199
96911
94049
97987
93229
94057
96931
93239
94063
93241
96953
94079
93251
96959
93253
94099
96973
93257
91009
96979
94109
91019
93263
94111
96989
93281
94117
91033
93283
96997
94121
93287
94151
91079
93307
94153
91081
93319
94169
91097
90001
93323
91099
90007
94201
93329
90011
94207
93337
91121
90017
94219
90019
91127
94229
90023
91129
93371
91139
93377
90031
91141
93383
95143
91151
95153
93407
91153
90053
91159
90059
95177
93419
91163
95189
90067
93427
95191
91183
90071
90073
95203
91193
90089
95213
91199
93463
95219
90107
95231
93479
91229
95233
93481
91237
90121
93487
95239
91243
90127
93491
95257
91249
93493
95261
91253
93497
90149
95267
93503
95273
90163
91283
93523
95279
90173
91291
93529
90187
95287
91297
90191
91303
93553
90197
91309
93557
90199
95311
93559
90203
95317
93563
90217
91331
95327
93581
90227
95339
90239
93601
90247
93607
91367
95369
90263
91369
90271
91373
93629
95383
90281
91381
93637
95393
91387
90289
95401
91393
90313
91397
95413
95419
91411
93683
95429
91423
90353
93701
95441
91433
90359
93703
95443
90371
91453
93719
95461
90373
91457
95467
93739
90379
91459
95471
91463
90397
93761
90401
95479
93763
91493
90403
95483
90407
91499
93787
95507
91513
90437
93809
90439
95527
91529
93811
95531
93827
91541
90469
95539
90473
95549
91571
93851
95561
90481
91573
91577
93871
90499
95569
91583
90511
95581
91591
93887
90523
95597
93889
90527
91621
95603
93893
90529
91631
93901
95617
90533
91639
95621
93911
90547
95629
93913
95633
93923
91673
90583
93937
95651
93941
91691
90599
93949
91703
90617
93967
90619
93971
95701
91711
90631
95707
93979
91733
90641
95713
93983
90647
95717
91753
93997
95723
91757
90659
95731
91771
95737
90677
91781
90679
95747
91801
90697
91807
95773
91811
90703
95783
91813
91823
90709
95789
95791
91837
91841
95801
90731
91867
95803
91873
90749
95813
91909
95819
91921
90787
91939
90793
91943
95857
91951
90803
91957
91961
95869
91967
90821
95873
91969
90823
95881
91997
90833
95891
90841
95911
90847
95917
90863
95923
95929
90887
90901
95947
90907
95957
90911
95959
90917
95971
90931
95987
95989
90947
90971
90977
90989
94253
90997
94261
94273
94291
94307
94309
94321
94327
94331
94343
94349
94351
94379
94397
94399
94421
94427
94433
94439
94441
94447
94463
94477
94483
94513
94529
94531
94541
94543
94547
94559
94561
94573
94583
94597
94603
94613
94621
94649
94651
94687
94693
94709
94723
94727
94747
94771
94777
94781
94789
94793
94811
94819
94823
94837
94841
94847
94849
94873
94889
94903
94907
94933
94949
94951
94961
94993
94999
